,Cluster,Count,Word
0,0,2,limited
1,0,1,ever.
2,0,1,better!
3,0,2,#TrumpPence16
4,0,1,https://t.co/4sUNetlJL3
5,0,1,https://t.co/XQyeIGnlVt
6,0,20,all
7,0,1,yellow
8,0,1,four
9,0,1,straws
10,0,2,Does
11,0,1,#superlatives
12,0,1,NYC
13,0,1,#TrumpSniffle
14,0,3,tonight's
15,0,1,"candidates,"
16,0,7,job
17,0,1,dumb!#debates
18,0,4,relationships
19,0,1,Foundation
20,0,1,"up,"
21,0,2,buddy
22,0,1,https://t.co/7SmCm92BPX
23,0,1,Didnt
24,0,1,ticket?
25,0,2,seriously
26,0,1,MUCH
27,0,1,voted
28,0,1,https://t.co/8xcuDt3caI
29,0,1,lord
30,0,1,"glue"""
31,0,2,#WhereIsGary
32,0,1,innocence.
33,0,2,tío
34,0,1,@
35,0,1,HIGH!!!
36,0,1,risk
37,0,1,insulting...
38,0,1,https://t.co/2A88msTelE
39,0,2,GO
40,0,1,screaming
41,0,2,school
42,0,1,"Arbon,"
43,0,1,MAY
44,0,2,companies
45,0,1,this...?
46,0,1,persisted
47,0,1,math
48,0,2,Go
49,0,1,cheeto
50,0,1,@alaskarebel
51,0,1,enjoy
52,0,1,"lips,"
53,0,2,her.
54,0,2,"me,"
55,0,1,Trump.…
56,0,1,street
57,0,2,her?
58,0,1,AFRICAN
59,0,1,cactus
60,0,1,https://t.co/jxwLpeBbYD
61,0,1,me:
62,0,5,even
63,0,1,CPR.
64,0,1,country...
65,0,1,"records,"
66,0,1,prisons
67,0,1,#HI
68,0,1,terms.
69,0,2,fingers
70,0,1,f*ck
71,0,1,Wrong
72,0,1,sobre
73,0,1,Diesel.
74,0,1,new
75,0,1,net
76,0,1,tape.
77,0,4,ever
78,0,1,asking.…
79,0,1,Presidential
80,0,3,up.
81,0,1,@CBSPolitics
82,0,1,sniffing..
83,0,1,**shots
84,0,7,never
85,0,1,votes
86,0,1,OnionPolitics:
87,0,2,.@realDonaldTrump
88,0,1,100
89,0,4,aren't
90,0,1,🙌🏾
91,0,1,Theres
92,0,2,@realdonaldtrump
93,0,1,kids
94,0,1,Wikipedia.
95,0,1,controversy
96,0,1,Engaging
97,0,1,https://t.co/3c9cCo9iXh
98,0,1,i'd
99,0,1,KKK
100,0,5,NOT
101,0,1,"guilt,"
102,0,3,i'm
103,0,1,NOW
104,0,1,https://t.co/jT6rrmkFCp
105,0,1,Orleans
106,0,1,"commercials,"
107,0,11,campaign
108,0,1,DON'T
109,0,1,"commercials"""
110,0,1,perpetuated
111,0,1,bro
112,0,5,why
113,0,2,yet?
114,0,1,Frisk
115,0,7,#ImWithHer
116,0,1,hablas
117,0,1,#Michelle2020
118,0,1,HYPOCRITIC
119,0,1,SLAYYYYYing!!!!!!
120,0,1,criminals
121,0,8,would
122,0,207,to
123,0,1,DOING
124,0,3,right?
125,0,2,movie.
126,0,1,insult
127,0,3,call
128,0,1,card
129,0,1,"right,"
130,0,1,survive
131,0,1,right.
132,0,1,RT:
133,0,1,Screaming
134,0,1,until
135,0,1,https://t.co/thc6QMjK5C
136,0,1,opponent.
137,0,1,hillarys
138,0,4,supporters
139,0,1,successful
140,0,4,brings
141,0,1,under
142,0,1,subtweet
143,0,2,hurt
144,0,1,"Trash""?"
145,0,1,"cocain,"
146,0,1,@KGO810
147,0,1,aux
148,0,1,flubbed
149,0,1,"off,"
150,0,1,annoying.
151,0,2,must
152,0,16,me
153,0,1,Crazy
154,0,2,word
155,0,1,rights
156,0,3,work
157,0,1,"kettle,"
158,0,1,entertained
159,0,1,https://t.co/QvGDUFFpHV
160,0,1,#TheSnifflingIcant
161,0,2,criticizing
162,0,18,my
163,0,2,could
164,0,1,estate
165,0,7,give
166,0,1,cited
167,0,1,Jerry
168,0,1,Trickle-Down
169,0,1,ambos
170,0,10,want
171,0,1,:-)
172,0,2,@GovGaryJohnson
173,0,1,ego?
174,0,1,talk.
175,0,1,https://t.co/x5UjImdNAO
176,0,2,end
177,0,4,Watching
178,0,1,damage
179,0,1,https://t.co/Tb2zrTdx3o
180,0,1,ONE
181,0,22,how
182,0,2,amazing
183,0,1,hop
184,0,4,answer
185,0,3,#Debate
186,0,4,A
187,0,1,it!!
188,0,1,Essentially
189,0,1,entitled.#debatenight
190,0,1,less
191,0,9,after
192,0,1,"""secretary"
193,0,1,Will
194,0,1,suing
195,0,1,law
196,0,3,las
197,0,2,All
198,0,1,ELECT
199,0,2,respect.
200,0,1,birtherism...
201,0,2,appreciate
202,0,1,headquarters
203,0,1,#DonaldTrump's
204,0,1,#wedontwantyourkind
205,0,1,Another
206,0,4,keeps
207,0,1,"behavior."""
208,0,1,"""past"
209,0,1,nonsensical
210,0,2,order
211,0,1,"""Mientras"
212,0,1,wine
213,0,3,"yeah,"
214,0,1,down?
215,0,1,https://t.co/V24P7r4kIA
216,0,2,Stop
217,0,6,over
218,0,1,MURO!
219,0,1,makes.
220,0,1,out?#debates
221,0,2,"down,"
222,0,1,down.
223,0,1,https://t.co/x6pLScghiM
224,0,17,I'm
225,0,3,before
226,0,2,His
227,0,4,que
228,0,1,"then,"
229,0,2,personal
230,0,1,Hilary's
231,0,3,What's
232,0,1,","
233,0,1,Here
234,0,6,better
235,0,1,@TrussAG
236,0,2,There's
237,0,2,Birth
238,0,1,easier
239,0,1,Rumor
240,0,1,RACIST.
241,0,1,versus
242,0,1,then
243,0,6,them
244,0,1,Bobby
245,0,1,#HIllaryClinton
246,0,1,pega
247,0,2,pneumonia?
248,0,1,HIGH
249,0,1,9
250,0,30,they
251,0,1,Hill.
252,0,27,one
253,0,1,bank
254,0,1,Joyce
255,0,1,#AfricanAmerican
256,0,1,#TrumpLies
257,0,1,rocks
258,0,1,Her:
259,0,13,good
260,0,1,disrespectful?!
261,0,1,cocaine)
262,0,1,roast
263,0,4,each
264,0,2,Black
265,0,6,went
266,0,1,responses..
267,0,2,side
268,0,6,mean
269,0,1,bingo.
270,0,2,Wow
271,0,1,campaign.
272,0,1,Anyone
273,0,7,Hillary's
274,0,1,"do."""
275,0,1,stealing
276,0,1,message
277,0,1,day?
278,0,1,Holy
279,0,1,"correction,"
280,0,1,made.....#Debates
281,0,3,Holt
282,0,1,high...or
283,0,1,Fact:
284,0,4,is.
285,0,1,smh
286,0,1,#ProtestVote
287,0,17,got
288,0,1,rn
289,0,1,size
290,0,1,Must
291,0,2,healing?
292,0,1,turning
293,0,1,born?
294,0,21,doesn't
295,0,9,little
296,0,1,free
297,0,1,healing.
298,0,2,LIES
299,0,1,skin.
300,0,1,1min
301,0,1,struggle
302,0,1,hand
303,0,18,Clinton
304,0,1,created
305,0,1,starts
306,0,1,National
307,0,1,Vin
308,0,1,moment
309,0,1,creates
310,0,1,AMERICAN
311,0,2,"""no"
312,0,1,https://t.co/dnDDGl8aGm
313,0,1,#FREEDOM
314,0,1,Carefully
315,0,1,bite
316,0,1,Duh
317,0,1,YOU'RE
318,0,2,already
319,0,2,está
320,0,2,too.
321,0,1,be…
322,0,3,Please
323,0,2,primary
324,0,1,https://t.co/jate0CEc4A
325,0,1,Pround
326,0,2,another
327,0,1,remotely
328,0,1,olds
329,0,1,lecturing
330,0,1,service
331,0,6,their
332,0,1,WASNT
333,0,1,https://t.co/7fvFwWS8sC
334,0,3,lawsuits
335,0,1,https://t.co/RJ5yxCCVl8
336,0,1,needed
337,0,1,Lololol
338,0,2,hominem
339,0,8,too
340,0,1,lunatics
341,0,3,listen
342,0,1,2008?
343,0,1,Obsma
344,0,1,Search
345,0,1,me.
346,0,1,https://t.co/a346oSwa2r
347,0,1,denial!!!
348,0,2,Quoting
349,0,1,serve
350,0,1,#obama.
351,0,4,"guilt."""
352,0,2,Should
353,0,1,2008!
354,0,1,WAIT
355,0,1,@AnneDeTraglia.....though
356,0,1,showed
357,0,1,Only
358,0,1,shes
359,0,1,matter
360,0,1,to.
361,0,1,deserving
362,0,1,HAHAHA
363,0,1,feeling
364,0,1,"old,"
365,0,1,BERNIE
366,0,1,este
367,0,2,10min
368,0,1,esta
369,0,1,rewrite
370,0,1,Shit
371,0,1,1973
372,0,1,mind
373,0,1,más
374,0,1,"bs,"
375,0,14,talking
376,0,2,well.
377,0,1,stalls
378,0,3,seen
379,0,1,seem
380,0,1,tells
381,0,1,craziest
382,0,1,Porque
383,0,2,forced
384,0,2,"do,"
385,0,1,J-School
386,0,64,that
387,0,18,-
388,0,1,drunk.
389,0,1,https://t.co/79SC1CcdMl
390,0,4,Let's
391,0,1,it...
392,0,3,They
393,0,1,laughed
394,0,1,"What,"
395,0,1,point?
396,0,1,tell.
397,0,1,candidate's
398,0,2,though
399,0,1,favorables.
400,0,1,"HIGH,"
401,0,1,letter
402,0,1,see.
403,0,1,policies.
404,0,1,footage
405,0,1,"door,"
406,0,1,camp
407,0,2,points
408,0,1,knows?
409,0,1,https://t.co/FB9hpX3nMr
410,0,2,voting
411,0,1,"strong,"
412,0,1,Its
413,0,2,came
414,0,2,renting
415,0,8,saying
416,0,1,motivated.
417,0,1,bait
418,0,1,Hahaha.....
419,0,1,d)
420,0,2,five
421,0,1,https://t.co/v79Aj4oSWI
422,0,1,#presidentialDebate
423,0,1,subtle
424,0,1,"thou."""
425,0,1,fungar
426,0,1,delusion-ville
427,0,1,blotting
428,0,1,em'
429,0,1,finally
430,0,1,👏🏾👏🏾
431,0,40,just
432,0,1,explain
433,0,1,that-Obama
434,0,1,Bldg
435,0,5,Obama's
436,0,1,@soozkim
437,0,1,rich
438,0,1,sus
439,0,1,des
440,0,1,personality
441,0,1,wearing
442,0,34,do
443,0,27,@HillaryClinton
444,0,1,settle.
445,0,2,criticizer
446,0,5,"""You"
447,0,1,Holt's
448,0,6,stop
449,0,2,criticized
450,0,1,goons
451,0,1,amazing...
452,0,1,nerds:
453,0,1,#debatenight?
454,0,4,nasty
455,0,1,about.
456,0,1,Nah
457,0,1,"OK!"""
458,0,2,quotes
459,0,1,Totally
460,0,1,@KEEMSTAR
461,0,1,inspired...We
462,0,4,bad
463,0,1,https://t.co/KDo0FnLQ3D
464,0,2,coke
465,0,1,"them"""
466,0,1,😂😂😂
467,0,1,release
468,0,1,sentido
469,0,1,Chnage
470,0,3,OBAMA
471,0,1,#PresidentialDebate…
472,0,1,@TeamTrump
473,0,5,questions
474,0,1,reference
475,0,1,foorgotten
476,0,3,w/
477,0,1,liquor
478,0,1,"donations,"
479,0,1,Trump😂
480,0,1,decided
481,0,1,result
482,0,1,horrendous
483,0,1,corrupt
484,0,1,Doooommmmmed.
485,0,2,"""thou"""
486,0,6,Lester
487,0,3,best
488,0,1,discontinued.
489,0,12,said
490,0,1,matters.
491,0,1,"face"""
492,0,1,lots
493,0,1,estate.
494,0,2,08
495,0,1,"game,"
496,0,1,https://t.co/9FChAI6QQh
497,0,2,BUT
498,0,1,paternal
499,0,1,JUST
500,0,3,future
501,0,1,Minded
502,0,1,"""on"
503,0,1,name's
504,0,1,approach
505,0,1,game:
506,0,1,alguien
507,0,38,we
508,0,1,interrupting
509,0,1,involved.
510,0,1,wears
511,0,1,#africanamericans
512,0,1,https://t.co/UIepITyHp7
513,0,1,petty?
514,0,1,Ahora
515,0,1,ignorance
516,0,1,boss
517,0,1,GUILT
518,0,2,here
519,0,1,wth
520,0,1,Hell
521,0,1,picking
522,0,1,sipped
523,0,1,Getttttt
524,0,1,(tap
525,0,1,😭😭😂
526,0,2,country
527,0,2,à
528,0,20,against
529,0,2,Bring
530,0,1,tattle
531,0,2,logic
532,0,1,camera?
533,0,1,#Drumpf
534,0,1,@MichelleObama
535,0,1,https://t.co/cZMUugkOGP
536,0,2,con
537,0,2,"money"""
538,0,1,birtherism
539,0,2,tough
540,0,1,Liz?
541,0,1,high”
542,0,2,money.
543,0,2,addressing
544,0,2,[POTUS]
545,0,4,Clinton's
546,0,1,tons
547,0,1,https://t.co/eJsIdv1cgM
548,0,1,him.#Debates
549,0,1,https://t.co/RH3XRDFlcV
550,0,1,https://t.co/esdrky85tr
551,0,1,#NYDebate
552,0,1,speak
553,0,1,"now,"
554,0,1,tan.
555,0,2,now.
556,0,1,puts
557,0,6,I've
558,0,2,ropes
559,0,1,".@GovGaryJohnson,"
560,0,1,now!
561,0,8,been
562,0,5,.
563,0,2,tan?
564,0,1,commission
565,0,55,Hillary
566,0,2,now?
567,0,1,"way."""
568,0,1,frisk
569,0,1,basic
570,0,1,privilege
571,0,1,.@FoxNews
572,0,2,life
573,0,1,pursing
574,0,2,easy
575,0,1,administration.
576,0,1,Periscope.
577,0,1,church?
578,0,1,#makeairportsgreatagain
579,0,1,"TV,"
580,0,1,coherent
581,0,1,TV.
582,0,1,Taxation:
583,0,1,distracting
584,0,1,#wegohigh
585,0,3,Secretary
586,0,33,has
587,0,1,"okay,"
588,0,3,"certificate,"
589,0,1,n
590,0,1,yrs?
591,0,1,"but..."""
592,0,1,murders
593,0,4,rent
594,0,1,over.
595,0,1,settles
596,0,1,https://t.co/p21kipEwEm
597,0,1,played
598,0,160,is
599,0,1,https://t.co/JUFZo5ioW6
600,0,41,it
601,0,1,LOL
602,0,1,said?
603,0,1,ik
604,0,1,tissue
605,0,1,im
606,0,77,in
607,0,1,campaigning
608,0,2,Tell
609,0,1,said.
610,0,11,if
611,0,1,https://t.co/Zf90Cc2Ia4
612,0,1,bello
613,0,1,fotos
614,0,2,credit
615,0,6,things
616,0,10,make
617,0,1,everybody's
618,0,1,"knows..."""
619,0,2,clearly
620,0,1,SPEECH
621,0,1,hahah
622,0,1,SPITTIN'
623,0,1,James
624,0,3,President
625,0,1,"money."""
626,0,1,Springer
627,0,1,Room
628,0,2,Maybe
629,0,1,swell
630,0,1,Grandes
631,0,1,https://t.co/A61vT7sMx8
632,0,2,#Birther
633,0,1,"fake,"
634,0,1,overt
635,0,1,blamed
636,0,1,Violance
637,0,1,!!!!!!!!
638,0,1,thing?
639,0,1,kicked
640,0,2,los
641,0,1,LAWSUIT
642,0,1,@funnyordie
643,0,2,tho
644,0,16,more
645,0,1,thing.
646,0,1,#mcvsddebate
647,0,1,hearts
648,0,253,the
649,0,1,corporate
650,0,2,left
651,0,1,transforme
652,0,2,Thank
653,0,1,quoted
654,0,2,THAT
655,0,1,Lots
656,0,1,photo
657,0,1,https://t.co/i5b8YgMhDV
658,0,2,mientras
659,0,3,#birtherism
660,0,1,(Or
661,0,1,thumbs
662,0,2,MOOSLIMS
663,0,2,facts
664,0,3,yes
665,0,2,yet
666,0,1,hah
667,0,1,quotes!
668,0,1,discrimination?...
669,0,3,candidate
670,0,1,tagline
671,0,1,mediator
672,0,9,had
673,0,1,sniffing.
674,0,2,SETTLE
675,0,1,manques
676,0,1,innocent
677,0,6,save
678,0,1,taxes:
679,0,1,gave
680,0,1,smiled
681,0,1,"fact,"
682,0,1,Wins
683,0,1,possible
684,0,1,high...#debates
685,0,1,aplude
686,0,1,"returns!"""
687,0,19,birth
688,0,3,OK
689,0,1,burns
690,0,1,https://t.co/nB4PJZ7NeU
691,0,1,apart
692,0,2,brought
693,0,132,Trump
694,0,1,55
695,0,1,negar
696,0,5,country.
697,0,1,50
698,0,1,remind
699,0,1,evidence.
700,0,5,Are
701,0,1,#Manymany
702,0,1,country?
703,0,1,Again
704,0,8,right
705,0,3,old
706,0,1,@LesterHoltNBC!
707,0,1,crowd
708,0,20,people
709,0,1,Idiot
710,0,1,https://t.co/3NN0paPxlw
711,0,1,watching.
712,0,7,Hilary
713,0,2,born
714,0,3,donald
715,0,6,election
716,0,1,Between
717,0,1,aparentan
718,0,1,perfected
719,0,1,@LesterHoltNBC:
720,0,3,HE
721,0,1,"""The"
722,0,2,Hillarys
723,0,84,for
724,0,1,citizen?
725,0,1,https://t.co/vKVSiZUi7r
726,0,1,comments
727,0,1,uncomfortable.
728,0,2,asking
729,0,1,https://t.co/ZGQrWGnNif
730,0,1,@NPR
731,0,1,carta
732,0,1,Ha
733,0,1,https://t.co/AzdxedpmPl
734,0,1,foi
735,0,1,participation
736,0,15,He
737,0,1,nothing'!
738,0,1,deleted
739,0,1,burn
740,0,1,#StopSniffling
741,0,1,wait...
742,0,1,defensive
743,0,1,super
744,0,3,properties
745,0,1,https://t.co/M64wzpD8jO
746,0,1,First
747,0,1,hearing
748,0,1,yelling
749,0,2,"behavior"""
750,0,1,Hillary?
751,0,1,citizens
752,0,1,stinks
753,0,2,o
754,0,1,ninguno
755,0,2,Hillary!
756,0,2,Hillary.
757,0,2,Still
758,0,1,automatically
759,0,1,.vs.
760,0,1,education?
761,0,1,statements
762,0,1,Blacks
763,0,1,wasting
764,0,1,pays
765,0,16,"low,"
766,0,2,ABOUT
767,0,1,ppl
768,0,4,down
769,0,1,lies
770,0,1,Clintons
771,0,1,"POT,"
772,0,1,Shouldn't
773,0,1,lieu
774,0,5,Like
775,0,1,Latino
776,0,1,#letGaryDebate
777,0,1,PRIVATE.
778,0,1,https://t.co/ANTmvQXB4I
779,0,1,MICHELLE
780,0,1,ISIS
781,0,1,African-American
782,0,1,cancer.
783,0,3,support
784,0,1,constantly
785,0,2,fight
786,0,1,"Honestly,"
787,0,1,assinantes
788,0,3,way
789,0,5,sniffles
790,0,1,guilty!!
791,0,1,menteries
792,0,46,was
793,0,1,"certificates,"
794,0,1,Tune
795,0,4,head
796,0,1,"Clinton"""
797,0,1,pay?
798,0,2,DNC
799,0,2,what?
800,0,1,forming
801,0,1,lie.
802,0,1,entertained.
803,0,4,Clinton.
804,0,1,Hillary:we
805,0,1,SLAM
806,0,1,didn't!!
807,0,1,same.
808,0,1,https://t.co/cyIucSy6XL
809,0,1,statement.
810,0,2,"statement,"
811,0,1,true
812,0,2,Clinton?
813,0,1,responding
814,0,1,sniffle.
815,0,1,adults
816,0,1,"""barack"
817,0,1,@shaleathaevon
818,0,1,Unbelievable!!
819,0,1,WHY
820,0,5,@LesterHoltNBC
821,0,1,Clinton....
822,0,1,wait.
823,0,1,daddy
824,0,1,delete
825,0,1,toss
826,0,2,escape
827,0,1,evidence
828,0,1,proves
829,0,1,Three
830,0,1,"Call,"
831,0,1,segregationist
832,0,1,annoying
833,0,1,dealer
834,0,6,shit
835,0,1,@DanRussellST
836,0,1,willingly
837,0,1,issue:
838,0,1,https://t.co/bowvvHDyfO
839,0,1,discriminate
840,0,22,no
841,0,11,commercials
842,0,17,when
843,0,1,reality
844,0,1,interested
845,0,2,"""when"
846,0,1,"Shocker,"
847,0,1,becuase
848,0,2,roll
849,0,1,#Lana4President
850,0,2,'s
851,0,1,"birtherism,"
852,0,1,Y'all.
853,0,1,ointment
854,0,1,felt
855,0,1,#ThingsNoOneAskedFor
856,0,2,let's
857,0,2,tonight.
858,0,1,Idk
859,0,1,smelling
860,0,1,Cathy
861,0,1,punked?
862,0,1,longer
863,0,1,potato
864,0,2,home
865,0,1,Win
866,0,1,bottom
867,0,1,https://t.co/wWIInOJVuv
868,0,1,https://t.co/zrp8WaK9D6
869,0,1,withhold
870,0,1,detriment.
871,0,11,time
872,0,1,push
873,0,1,serious
874,0,1,"president."""
875,0,1,'I
876,0,1,neighbors
877,0,1,webmd
878,0,1,https://t.co/GXE6HJWkkT
879,0,1,Nobody
880,0,3,:)
881,0,1,DAMMIT!
882,0,1,excellent
883,0,2,focus
884,0,1,#Flair2016
885,0,1,Winning
886,0,1,bringing
887,0,2,manager
888,0,1,Indiana
889,0,1,certainly
890,0,1,hold
891,0,1,QUOTE
892,0,1,promote
893,0,1,tonight...AND
894,0,2,father
895,0,1,Gonna
896,0,1,answered
897,0,2,charge
898,0,1,Hi
899,0,1,#nightlyshow
900,0,3,questions.
901,0,1,Atlanta
902,0,1,"questions,"
903,0,1,#debateshistory
904,0,1,#emails?
905,0,1,EVEN
906,0,1,:o
907,0,1,https://t.co/EBHrie8yoD
908,0,1,3am
909,0,1,none
910,0,1,winning?
911,0,1,liability
912,0,1,https://t.co/s2LmxoLZg9
913,0,1,masturbate
914,0,1,cook
915,0,1,https://t.co/yMRExiXXdd
916,0,2,Where
917,0,1,child.
918,0,3,cool
919,0,9,Just
920,0,1,level
921,0,8,did
922,0,1,"did."""
923,0,1,brother
924,0,1,quilt!
925,0,1,leave
926,0,3,settle
927,0,1,https://t.co/D6DPkQ31nm
928,0,1,tump
929,0,1,dit
930,0,1,guy
931,0,1,George
932,0,1,Change.
933,0,1,@robinthede
934,0,14,says
935,0,1,we'll
936,0,1,#debatedebacle
937,0,1,"why?"""
938,0,1,#Voting
939,0,1,else.
940,0,1,repetitive
941,0,1,@iHeartRadio
942,0,1,puntillas
943,0,1,FUCK
944,0,1,worn
945,0,1,utter
946,0,1,hair!
947,0,2,chicken
948,0,1,nasty!!
949,0,1,"""Lots"
950,0,1,racist's
951,0,3,guilt?
952,0,1,"""holy-er"
953,0,1,melt
954,0,2,guilt!
955,0,1,Seriously.
956,0,2,goes
957,0,1,"Seriously,"
958,0,2,SO
959,0,3,guilt.
960,0,3,"Donald,"
961,0,3,Me
962,0,1,supporting
963,0,1,Economics
964,0,1,*drunken
965,0,1,say?
966,0,1,"nothing"""
967,0,1,@DrJillStein
968,0,1,apartments!
969,0,1,Gr8
970,0,1,understanding
971,0,1,juro
972,0,1,trail.
973,0,1,Mr
974,0,1,alone
975,0,3,along
976,0,2,"say,"
977,0,3,My
978,0,2,change
979,0,1,box
980,0,1,#MAGA…
981,0,1,shove
982,0,1,#artist?...
983,0,1,disculpa?
984,0,1,here.
985,0,1,"antagonismo,"
986,0,1,"em.'"""
987,0,2,MY
988,0,1,beautiful.
989,0,1,DOJ
990,0,1,work..
991,0,1,#NoOneResponds
992,0,4,love
993,0,1,TAKE
994,0,12,It's
995,0,1,important
996,0,1,#DebateDrinkingGame
997,0,12,When
998,0,1,"work."""
999,0,1,relations.
1000,0,1,#NeverTrump
1001,0,1,mooslims
1002,0,1,behavior....uh-oh
1003,0,1,rarely
1004,0,1,https://t.co/sUjtrt4jWX
1005,0,1,Racist.
1006,0,1,everybody
1007,0,1,GIFS
1008,0,1,https://t.co/U7eagAwp3H
1009,0,1,working
1010,0,2,prove
1011,0,2,duda
1012,0,1,"days!"""
1013,0,2,La
1014,0,1,company.
1015,0,10,by
1016,0,1,!!!!!!
1017,0,1,believe.
1018,0,1,"sostiene,"
1019,0,1,"racist"""
1020,0,1,prez
1021,0,2,cocaine
1022,0,15,black
1023,0,1,w/no
1024,0,1,household
1025,0,1,today
1026,0,2,Y'all
1027,0,2,These
1028,0,1,Undeniable
1029,0,1,https://t.co/mGCLwsVljw
1030,0,2,"disrespect."""
1031,0,1,clue
1032,0,1,#freedom
1033,0,1,Boom.
1034,0,1,https://t.co/Okw2QJeXYi
1035,0,1,effort
1036,0,1,https://t.co/592hxICcYH
1037,0,1,https://t.co/8oJ0SCbJzB
1038,0,2,"""They"
1039,0,1,judo
1040,0,1,@LucyFruitie:
1041,0,1,#trumpvsclinton
1042,0,1,car
1043,0,2,quoting
1044,0,1,PLEASE
1045,0,1,wrong.
1046,0,2,"wrong,"
1047,0,21,can
1048,0,1,sí
1049,0,1,following
1050,0,1,Our
1051,0,1,#YoureFired
1052,0,1,laughter
1053,0,2,guy.
1054,0,2,crazy
1055,0,1,"guy,"
1056,0,14,trump
1057,0,1,hears
1058,0,1,pauses
1059,0,1,candidates.
1060,0,1,Mic
1061,0,12,didn't
1062,0,2,fuck
1063,0,2,"Oh,"
1064,0,1,topic
1065,0,2,heard
1066,0,1,https://t.co/fMwveDny9J
1067,0,6,sued
1068,0,1,#Taxes
1069,0,1,Cheetah
1070,0,1,counting
1071,0,1,YOUR
1072,0,1,painkillers
1073,0,1,finna
1074,0,1,bigot
1075,0,1,mouth.
1076,0,3,Who
1077,0,9,#Hillary
1078,0,1,till
1079,0,1,future.
1080,0,1,Hahahaha!
1081,0,1,"nose,"
1082,0,1,speaks
1083,0,12,Why
1084,0,1,https://t.co/E62Hr2agjO
1085,0,3,!
1086,0,1,unbelievable
1087,0,1,whacked
1088,0,1,deLICIOUS
1089,0,1,coming
1090,0,1,'birther'
1091,0,1,AGAINST
1092,0,1,produce
1093,0,1,https://t.co/H0nJtvIEnB
1094,0,1,mad
1095,0,3,such
1096,0,2,on...
1097,0,1,screwed.
1098,0,2,guys
1099,0,1,?!
1100,0,9,man
1101,0,2,"Hillary,"
1102,0,1,neck
1103,0,1,speak.
1104,0,1,conscious
1105,0,1,whenever
1106,0,1,maybe
1107,0,1,#NBCdebate
1108,0,1,#dumptrump
1109,0,3,su
1110,0,1,switch
1111,0,1,reapplied
1112,0,32,so
1113,0,1,african
1114,0,1,emails.
1115,0,1,pulled
1116,0,5,talk
1117,0,1,"please,"
1118,0,1,#WhereIsGary?
1119,0,1,record.
1120,0,1,flips
1121,0,5,years
1122,0,2,brain
1123,0,1,no?
1124,0,1,https://t.co/N5TP9ht2J4
1125,0,1,argued
1126,0,2,White
1127,0,6,still
1128,0,4,RT
1129,0,1,https://t.co/A52Ryx0pOe
1130,0,3,HAS
1131,0,14,he's
1132,0,1,lieing
1133,0,1,nothing!
1134,0,1,did.
1135,0,4,🙄
1136,0,1,Moving
1137,0,1,https://t.co/KLaDXVBtJf
1138,0,1,policy
1139,0,1,"""Holier"
1140,0,1,factual
1141,0,1,🙈
1142,0,1,(asks
1143,0,1,FAMILY
1144,0,1,smarter
1145,0,1,#exposed
1146,0,1,raiales
1147,0,1,moron
1148,0,1,srsly
1149,0,1,Right
1150,0,2,😡
1151,0,15,She
1152,0,58,not
1153,0,1,😬
1154,0,1,PREPARED
1155,0,1,GUYS
1156,0,1,bullshit
1157,0,4,HRC
1158,0,1,nos
1159,0,3,name
1160,0,1,corners
1161,0,1,Cuando
1162,0,1,😘
1163,0,2,debating
1164,0,1,soon.
1165,0,1,"soon,"
1166,0,7,#PresidentialDebate
1167,0,6,😂
1168,0,1,hers.
1169,0,1,(waiting
1170,0,4,el
1171,0,4,en
1172,0,2,fired
1173,0,1,gaming
1174,0,1,Pero
1175,0,1,Except
1176,0,5,Barack
1177,0,1,"""Fact"
1178,0,3,"""No"
1179,0,2,ex
1180,0,1,PLEASE.
1181,0,1,gtfo
1182,0,1,Learned
1183,0,6,calling
1184,0,1,es
1185,0,1,https://t.co/HCjINv0Up6
1186,0,1,living
1187,0,1,balcony
1188,0,1,3rd
1189,0,1,@AllyGenereux
1190,0,1,https://t.co/BiiSbIzD2E
1191,0,1,looking
1192,0,1,cripes
1193,0,1,"guilt!"""
1194,0,1,shouldn't
1195,0,1,defiende
1196,0,1,LuL
1197,0,1,¿Quién
1198,0,19,she
1199,0,1,inevitably
1200,0,1,"salad,"
1201,0,1,ever;;
1202,0,1,"interesting,"
1203,0,1,growth?
1204,0,1,e…
1205,0,1,Michelle's
1206,0,1,quite
1207,0,2,disrespect
1208,0,1,rly
1209,0,2,"stage,"
1210,0,1,amigos
1211,0,1,https://t.co/LCknC8Pn4u
1212,0,1,Isn't
1213,0,5,care
1214,0,1,underwear
1215,0,3,Being
1216,0,1,Sigh
1217,0,1,100%
1218,0,1,lookin'
1219,0,3,thing
1220,0,1,Continue
1221,0,1,https://t.co/RHGpzcq4zN
1222,0,9,think
1223,0,1,waited
1224,0,3,first
1225,0,3,Even
1226,0,1,"justificar,"
1227,0,1,Giant
1228,0,1,saving
1229,0,1,Trump!
1230,0,4,Trump.
1231,0,4,"Trump,"
1232,0,2,There
1233,0,1,@jdudell
1234,0,2,yourself
1235,0,1,58/100
1236,0,1,estadounidense
1237,0,1,americans
1238,0,1,beaten
1239,0,2,directly
1240,0,8,president
1241,0,11,vote
1242,0,1,sounds
1243,0,13,Trump:
1244,0,1,more.
1245,0,1,Tío
1246,0,1,rented
1247,0,1,city
1248,0,1,given
1249,0,1,https://t.co/iXkzkhrTFW
1250,0,2,"disrespect"""
1251,0,1,caught
1252,0,5,disrespect.
1253,0,1,post/tweet
1254,0,1,crack?
1255,0,3,anyone
1256,0,5,2
1257,0,1,@TheDailyShow
1258,0,1,Epic
1259,0,5,white
1260,0,1,dink!
1261,0,1,cite
1262,0,1,question)
1263,0,1,we're
1264,0,1,eyes
1265,0,1,whitewash
1266,0,1,on.
1267,0,1,"""holier-than-thou""?"
1268,0,1,LOOK!
1269,0,1,american.
1270,0,1,on!
1271,0,1,"much,"
1272,0,2,*sniffle*
1273,0,1,released
1274,0,2,hillary
1275,0,1,ridiculous
1276,0,3,Trumps
1277,0,1,“When
1278,0,1,afe…
1279,0,1,#snifflingDon
1280,0,1,History
1281,0,1,wide
1282,0,1,12
1283,0,4,Love
1284,0,1,https://t.co/aNnxfvKKAp
1285,0,1,17
1286,0,1,smiles.
1287,0,1,https://t.co/2dIzJstKiJ
1288,0,1,'Doctor'
1289,0,1,Donald..
1290,0,1,r
1291,0,14,were
1292,0,1,Settlement
1293,0,84,and
1294,0,1,DO
1295,0,1,"""allegedly"""
1296,0,1,pra
1297,0,1,Afrin?
1298,0,8,He's
1299,0,1,pro
1300,0,1,turned
1301,0,1,"""nasty"""
1302,0,1,eats
1303,0,24,say
1304,0,1,bet…
1305,0,1,"@TiVo,"
1306,0,1,.@realDonaldTrump's
1307,0,5,any
1308,0,2,queen.
1309,0,1,inhale?
1310,0,1,snorting
1311,0,3,Do
1312,0,1,form
1313,0,1,efficient
1314,0,1,Cert.
1315,0,2,fucking
1316,0,3,answering
1317,0,1,reviewed.
1318,0,2,Kleenex
1319,0,3,take
1320,0,1,objective
1321,0,1,wanting
1322,0,1,#blazeit
1323,0,2,1st
1324,0,1,zzzQuil
1325,0,1,https://t.co/6sf20oYMUe
1326,0,2,sure
1327,0,1,arguing
1328,0,1,Aqua
1329,0,1,hit
1330,0,2,knew
1331,0,1,paid
1332,0,1,smokers
1333,0,1,"Marco,"
1334,0,2,GOT
1335,0,1,so.
1336,0,1,#BLACK
1337,0,1,history...Nice
1338,0,1,"City,"
1339,0,1,"acceptable,"
1340,0,2,proud
1341,0,1,steady
1342,0,2,Fuck
1343,0,1,Aww
1344,0,1,properly
1345,0,1,American.
1346,0,1,#ImWithGary
1347,0,2,hear
1348,0,2,not.
1349,0,1,YAASSS
1350,0,2,presidential.
1351,0,1,https://t.co/Nv442meSV2
1352,0,1,"while"""
1353,0,1,WE
1354,0,1,#hillary.
1355,0,3,shot
1356,0,1,Candidate
1357,0,8,show
1358,0,1,cheap
1359,0,1,"while,"
1360,0,1,moderator
1361,0,1,Obama’s
1362,0,1,issue!!!
1363,0,1,shoe
1364,0,1,"Hmmm,"
1365,0,1,"""last"
1366,0,4,#trump
1367,0,1,srlsy
1368,0,2,As
1369,0,12,We
1370,0,1,"manager,"
1371,0,1,clown!
1372,0,1,title
1373,0,3,@FLOTUS
1374,0,1,https://t.co/42Htdvu433
1375,0,1,joke.
1376,0,1,#copolitics
1377,0,1,short
1378,0,11,only
1379,0,11,going
1380,0,1,@SNLUpdate
1381,0,2,"""racist"""
1382,0,1,seen.
1383,0,1,https://t.co/hXvlfBh0Ze
1384,0,2,COKE&gt;
1385,0,1,https://t.co/gQJkwEpGMW
1386,0,19,get
1387,0,2,#snl
1388,0,5,between
1389,0,1,begging
1390,0,1,https://t.co/b4h8LYgd5K
1391,0,1,Lyin'
1392,0,233,#Debates
1393,0,1,https://t.co/uibK7pLyOy
1394,0,2,cannot
1395,0,2,Same
1396,0,1,period!
1397,0,1,Turd
1398,0,2,#letgarydebate
1399,0,1,já
1400,0,2,freaking
1401,0,1,friends:
1402,0,1,AFTER
1403,0,1,requesting
1404,0,1,Drumpf
1405,0,2,stupid
1406,0,1,school?
1407,0,1,At
1408,0,4,where
1409,0,1,declared
1410,0,1,https://t.co/5PFWJTmBC4
1411,0,1,#trumpdoesntpaytaxes
1412,0,1,"nothing..."""
1413,0,1,Nazareth
1414,0,1,¡YA
1415,0,1,racist....
1416,0,1,(this
1417,0,1,https://t.co/EcQG8mzqET
1418,0,1,#alarmgoesoffearly
1419,0,1,#NeverHillary…
1420,0,1,#5
1421,0,1,wonder
1422,0,5,FOR
1423,0,4,That
1424,0,1,federal
1425,0,2,TRUE
1426,0,1,weapons
1427,0,2,man!
1428,0,1,3
1429,0,1,wearing.
1430,0,1,estas
1431,0,1,stupid.
1432,0,1,much??
1433,0,1,reading
1434,0,1,neener.
1435,0,1,across
1436,0,2,man.
1437,0,1,jobs
1438,0,4,Johnson
1439,0,1,ATTACKED
1440,0,1,https://t.co/wi1Djm9Xtm
1441,0,1,U.S.
1442,0,1,style
1443,0,2,killing
1444,0,1,"wait,"
1445,0,1,Zika??
1446,0,1,#parrot
1447,0,1,como
1448,0,1,empreendimentos
1449,0,1,comeback
1450,0,1,leech~#MAGA
1451,0,5,come
1452,0,2,#Clinton
1453,0,1,fit
1454,0,2,Sniffle
1455,0,1,anal.
1456,0,1,jfc
1457,0,9,many
1458,0,2,Clinton:
1459,0,2,STOP
1460,0,1,according
1461,0,1,Month
1462,0,1,debate)
1463,0,1,tous
1464,0,1,way.
1465,0,1,Sniffly
1466,0,1,way'
1467,0,3,fix
1468,0,2,comes
1469,0,1,"Really,"
1470,0,1,Really.
1471,0,1,THESE
1472,0,2,We've
1473,0,1,pot
1474,0,1,coked
1475,0,1,"""Lester"
1476,0,1,haceis
1477,0,1,SHOCKER
1478,0,1,Really?
1479,0,1,anti
1480,0,2,LONG
1481,0,2,couldn't
1482,0,1,whitest
1483,0,5,#MAGA
1484,0,6,actually
1485,0,1,poc
1486,0,1,"want,"
1487,0,1,late
1488,0,1,HRC's
1489,0,2,cares
1490,0,1,facts...
1491,0,1,locally
1492,0,1,informed
1493,0,1,low.
1494,0,1,SNIFFING
1495,0,1,fucked.
1496,0,1,dictator
1497,0,1,don’t
1498,0,2,Melania
1499,0,1,"""bitch"
1500,0,1,https://t.co/41u5wjUYsw
1501,0,1,intact.
1502,0,6,wants
1503,0,2,educated
1504,0,1,hacks.
1505,0,1,formed
1506,0,17,#Trump
1507,0,1,"""Oh"
1508,0,2,wake
1509,0,2,hashtag
1510,0,2,former
1511,0,5,those
1512,0,1,developing
1513,0,5,#HillaryClinton
1514,0,1,might
1515,0,1,prvt…
1516,0,1,Isn't…
1517,0,2,policies
1518,0,1,LIES.
1519,0,1,country...🙃🙃🙃🙃
1520,0,1,taking
1521,0,1,art.
1522,0,2,Michael
1523,0,4,it.
1524,0,1,accomp…
1525,0,2,DID
1526,0,1,aaaany
1527,0,1,Dick
1528,0,1,"were!"""
1529,0,1,dummie.
1530,0,1,*sniff*
1531,0,1,Looking
1532,0,2,middle
1533,0,1,"birth,"
1534,0,1,ironic
1535,0,1,"alright,"
1536,0,1,alright.
1537,0,1,POTUS
1538,0,2,harsh
1539,0,2,media
1540,0,1,train.
1541,0,1,KETTLE
1542,0,1,"""Barack"
1543,0,5,same
1544,0,1,Excuse
1545,0,1,attributing
1546,0,1,"Aw,"
1547,0,4,speech
1548,0,1,I.
1549,0,1,struggling
1550,0,1,"youtuber,"
1551,0,9,it's
1552,0,1,tissue...or
1553,0,1,"movement,"
1554,0,2,They're
1555,0,1,oil
1556,0,97,I
1557,0,1,https://t.co/BDcvFsZLTi
1558,0,1,heel!
1559,0,1,refusal
1560,0,1,LOL.
1561,0,1,https://t.co/8aJDkulKwL
1562,0,36,@realDonaldTrump
1563,0,2,running
1564,0,1,bro.
1565,0,2,IM
1566,0,1,americanos-africanos
1567,0,1,IN
1568,0,1,@BarackObama
1569,0,1,Melania’s
1570,0,1,https://t.co/jSNhR8qJIz
1571,0,1,"""CHINAH"""
1572,0,1,totally
1573,0,1,IF
1574,0,1,PCP?
1575,0,1,break
1576,0,1,MANY!
1577,0,1,issue.....how
1578,0,1,MISSING
1579,0,1,#murica
1580,0,16,Is
1581,0,1,SIMPSONS*
1582,0,8,It
1583,0,1,nothin
1584,0,5,without
1585,0,1,solve
1586,0,14,can't
1587,0,1,bottle
1588,0,1,grounds
1589,0,2,If
1590,0,4,You're
1591,0,1,@therealdonald_
1592,0,16,being
1593,0,7,money
1594,0,1,"""nasty"
1595,0,1,rest
1596,0,1,@DonaldTrump
1597,0,1,#NoFactsToProveImWrong
1598,0,1,2009!!
1599,0,1,he'll
1600,0,1,mismo.
1601,0,4,blow
1602,0,1,Sandwich
1603,0,1,indica
1604,0,5,TO
1605,0,1,racismo
1606,0,4,seems
1607,0,1,civil
1608,0,1,nominees
1609,0,1,color
1610,0,1,lets
1611,0,2,"high!"""
1612,0,1,#HofDebate16
1613,0,6,4
1614,0,1,https://t.co/GA6PFMHRPz
1615,0,1,laptop*
1616,0,1,halftime
1617,0,10,real
1618,0,1,"robin,"
1619,0,1,https://t.co/Rko1WUHTxN
1620,0,2,around
1621,0,1,read
1622,0,1,cuando
1623,0,4,admitting
1624,0,1,Thanks
1625,0,1,*turns
1626,0,1,Lester.
1627,0,1,darn
1628,0,3,listening
1629,0,7,world
1630,0,1,"pot,"
1631,0,1,sniffling!!!!
1632,0,1,https://t.co/Yl12HjN4Rx
1633,0,1,https://t.co/hAoNFTX2r0
1634,0,2,racism.
1635,0,1,Bravo
1636,0,1,'birther
1637,0,1,tratando
1638,0,1,facing
1639,0,1,millennials
1640,0,1,audience
1641,0,1,#clinton
1642,0,1,dick?
1643,0,1,nice
1644,0,1,https://t.co/KZiKQYzsiA
1645,0,1,plagiarizing
1646,0,5,making
1647,0,1,https://t.co/xEc7XHcdFv
1648,0,1,Hmmmmm....
1649,0,1,**DRUDGE
1650,0,1,apartments
1651,0,1,deflected
1652,0,1,competition
1653,0,2,realDonaldTrump
1654,0,1,Seriously
1655,0,1,Terror
1656,0,2,New
1657,0,9,racial
1658,0,1,romney...
1659,0,2,Listen
1660,0,1,provided
1661,0,1,squirm
1662,0,1,https://t.co/D1yHmSmQn1
1663,0,1,out-racist
1664,0,1,substance
1665,0,1,memories
1666,0,1,Men
1667,0,1,legal
1668,0,1,Leader
1669,0,1,Wake
1670,0,1,https://t.co/YtByGEwdBa
1671,0,2,happened
1672,0,1,Hilary!
1673,0,1,https://t.co/uk4Y1qyBal
1674,0,1,knife
1675,0,1,Bernie's
1676,0,1,biased
1677,0,1,TheOnion:
1678,0,1,power
1679,0,1,seconds
1680,0,3,treating
1681,0,1,nails
1682,0,1,broken
1683,0,1,Legit.
1684,0,1,community?
1685,0,62,on
1686,0,4,ok
1687,0,2,oh
1688,0,142,of
1689,0,1,violence
1690,0,2,favorite
1691,0,1,out?
1692,0,2,community.
1693,0,1,stop.
1694,0,4,stand
1695,0,1,pockets
1696,0,1,"Gee,"
1697,0,1,mixed
1698,0,1,#p2
1699,0,1,#Decision2016
1700,0,21,or
1701,0,2,out.
1702,0,1,Me:
1703,0,2,Yes.
1704,0,2,"Yes,"
1705,0,1,traduccion
1706,0,1,utterly
1707,0,1,#NBC4DC
1708,0,9,No
1709,0,1,Yes!
1710,0,1,Raped
1711,0,1,Paint
1712,0,7,everyone
1713,0,2,discrimination.
1714,0,6,But
1715,0,1,parties
1716,0,1,Barrack
1717,0,35,your
1718,0,1,ISSUES
1719,0,1,trip.
1720,0,1,ass.
1721,0,25,her
1722,0,1,NO
1723,0,1,tone.
1724,0,1,ass!
1725,0,7,racism
1726,0,3,lol
1727,0,3,start
1728,0,1,#disrespect?
1729,0,33,racist
1730,0,2,low
1731,0,1,lot
1732,0,44,Obama
1733,0,94,#Debates2016
1734,0,3,you.
1735,0,6,hard
1736,0,1,parpadeo
1737,0,4,Remember
1738,0,1,OBAMA!!!!!
1739,0,1,SPOKEN
1740,0,1,POLL**
1741,0,1,“a
1742,0,1,"you"""
1743,0,1,#sniffing
1744,0,1,you?
1745,0,1,DRAG
1746,0,1,"""African"
1747,0,1,#debates...
1748,0,16,trying
1749,0,67,with
1750,0,2,they're
1751,0,2,woman
1752,0,1,#blogger
1753,0,3,wasn't
1754,0,2,House
1755,0,1,"are,"
1756,0,1,DONALD
1757,0,1,LET
1758,0,1,dirty
1759,0,1,issue!!
1760,0,2,politically
1761,0,1,"faces,"
1762,0,1,Boooooooooooooo
1763,0,1,toilet
1764,0,1,Hoe
1765,0,1,brand.
1766,0,2,USA
1767,0,1,certain
1768,0,1,(more
1769,0,5,am
1770,0,1,https://t.co/uWzs7vI2Qr
1771,0,1,ao
1772,0,2,fellow
1773,0,1,salen
1774,0,7,How
1775,0,20,as
1776,0,1,"words,"
1777,0,22,at
1778,0,1,watched
1779,0,1,@BeeBop4933
1780,0,1,words!
1781,0,1,Newport.
1782,0,1,Real
1783,0,2,again
1784,0,2,national
1785,0,3,idiot
1786,0,1,"""Bigly"""
1787,0,1,#Bigly
1788,0,1,"cities"""
1789,0,1,rubber
1790,0,1,bragging
1791,0,1,him😂
1792,0,1,valid
1793,0,1,remarks
1794,0,1,racism???
1795,0,81,you
1796,0,11,really
1797,0,1,Lady
1798,0,1,president's
1799,0,1,disgraceful
1800,0,1,Bitch
1801,0,1,poor
1802,0,1,verdadeira?
1803,0,2,Great
1804,0,1,"relevant,"
1805,0,1,relevant.
1806,0,1,a)
1807,0,1,MUSLIM
1808,0,1,includes
1809,0,1,Fuck.
1810,0,2,#Debate2016
1811,0,1,podium
1812,0,1,#douchebag
1813,0,1,ALREADY!!!
1814,0,1,"""well"
1815,0,1,https://t.co/xqADAVNwgx
1816,0,3,calls
1817,0,3,wife
1818,0,1,"US,"
1819,0,1,"too!"""
1820,0,1,hello
1821,0,1,Moderator
1822,0,1,high.....
1823,0,1,u
1824,0,1,finally!
1825,0,3,god
1826,0,1,US?
1827,0,1,coke-head
1828,0,2,once
1829,0,1,starting
1830,0,1,fricking
1831,0,1,Ozil?
1832,0,4,liar
1833,0,1,lace
1834,0,1,Obama.
1835,0,1,Obama!
1836,0,2,#CrookedHillary
1837,0,1,AWAY!!!!!
1838,0,1,arguments.
1839,0,1,Obama:
1840,0,2,systemic
1841,0,1,Take
1842,0,2,Obama?
1843,0,1,talks
1844,0,2,follow
1845,0,3,expressions
1846,0,1,settlement
1847,0,1,https://t.co/C0sj11ac5F
1848,0,1,#EnVivo
1849,0,1,PICTURES
1850,0,1,https://t.co/NmxztMO0wa
1851,0,1,wassup
1852,0,1,vs
1853,0,1,Flag
1854,0,1,opportunities
1855,0,1,https://t.co/TXPo4x7r4G
1856,0,1,shots.
1857,0,1,https://t.co/bJRSuFtkJr
1858,0,2,sniffing?
1859,0,1,ACTION
1860,0,2,health
1861,0,1,te
1862,0,1,Curly's
1863,0,1,#America
1864,0,1,earlier.
1865,0,1,#debates.Too
1866,0,1,worse
1867,0,1,song
1868,0,9,very
1869,0,1,tomorrow?
1870,0,2,"""he"
1871,0,1,.@POTUS
1872,0,2,I'd
1873,0,1,talk?
1874,0,1,#TrumpPence2016
1875,0,1,everyone?
1876,0,1,tomorrow.
1877,0,1,everyone2
1878,0,1,difference
1879,0,1,condition
1880,0,1,upppp
1881,0,1,nonsense.
1882,0,1,HRC:
1883,0,1,reminding
1884,0,1,"weak,"
1885,0,2,sane
1886,0,1,small
1887,0,1,"""hey"
1888,0,1,debates.
1889,0,1,open
1890,0,1,pasa
1891,0,1,CAMPAIGN
1892,0,4,Birther
1893,0,1,tea
1894,0,1,​
1895,0,1,debates!
1896,0,4,past
1897,0,1,discriminated
1898,0,1,rate
1899,0,1,answer.
1900,0,12,settled
1901,0,1,#nevertrump
1902,0,1,pass
1903,0,1,https://t.co/BPQ8IvFk3w
1904,0,1,"Hil,"
1905,0,7,Trump's
1906,0,25,what
1907,0,1,Korea
1908,0,1,UNARMED
1909,0,1,section
1910,0,3,him.
1911,0,1,TALKING
1912,0,2,"him,"
1913,0,1,version
1914,0,1,sooooooo
1915,0,2,sur
1916,0,1,certificates
1917,0,1,learned
1918,0,1,racing
1919,0,3,movement
1920,0,1,@politico
1921,0,1,5
1922,0,2,vale
1923,0,1,mule
1924,0,1,rigged
1925,0,2,buy
1926,0,2,strong
1927,0,1,https://t.co/Q4rQCLxy7o
1928,0,3,every
1929,0,2,admits
1930,0,1,yourself?
1931,0,3,certificate.
1932,0,1,y'all.
1933,0,1,America?
1934,0,1,certificate!
1935,0,1,FUCKING.
1936,0,1,brutal
1937,0,1,#voter
1938,0,1,#USA
1939,0,1,prior
1940,0,1,amount
1941,0,3,certificate?
1942,0,1,advertising
1943,0,1,#JillStein2016
1944,0,2,pick
1945,0,1,mentions
1946,0,1,dismiss
1947,0,1,sticking
1948,0,1,via
1949,0,1,SOBRE
1950,0,1,family
1951,0,1,African-Americans
1952,0,1,vez
1953,0,1,Birthed
1954,0,1,#bdj3001
1955,0,1,ask
1956,0,1,America.
1957,0,1,Too
1958,0,1,"""barak"
1959,0,1,pulls
1960,0,1,"know,"
1961,0,1,*SNIFFFFFFFF*
1962,0,1,keepin'
1963,0,3,#FLOTUS
1964,0,1,Chump....
1965,0,2,takes
1966,0,1,Frito
1967,0,3,debate?
1968,0,1,urrywhere
1969,0,1,https://t.co/SZWYqq4p5b
1970,0,3,two
1971,0,1,resident
1972,0,1,Beach?
1973,0,1,debate!
1974,0,5,debate.
1975,0,1,"debate,"
1976,0,1,homework
1977,0,1,debate*
1978,0,1,Geno's
1979,0,1,OUT
1980,0,1,Payet
1981,0,1,America:
1982,0,1,https://t.co/7IGkJgYCwF
1983,0,4,knows
1984,0,1,initiated
1985,0,1,company
1986,0,1,ahead?
1987,0,1,excuse
1988,0,2,landed
1989,0,1,hubris
1990,0,16,So
1991,0,2,basically
1992,0,1,"wikileaks,"
1993,0,1,#ChumeGang
1994,0,1,glad
1995,0,1,kids...if
1996,0,1,parse
1997,0,1,"""terrible"
1998,0,5,debates
1999,0,1,hour
2000,0,1,https://t.co/bPnxpx7PY8
2001,0,2,shit!
2002,0,1,heavy.
2003,0,2,dude?
2004,0,1,deu
2005,0,1,votaría
2006,0,1,remain
2007,0,2,bias
2008,0,1,del
2009,0,1,'Daddy
2010,0,1,https://t.co/PEz5R9jsU3
2011,0,14,"""I"
2012,0,2,Your
2013,0,1,compare
2014,0,1,RIGHT?!
2015,0,2,issue.
2016,0,1,salty
2017,0,1,https://t.co/Oqr82ptpRH
2018,0,1,libertarian
2019,0,1,NOTHING.
2020,0,2,Cause
2021,0,1,crooked🙃
2022,0,1,Benghazi
2023,0,1,huge
2024,0,4,needs
2025,0,1,giving.
2026,0,1,court
2027,0,3,acts
2028,0,2,#Election2016
2029,0,1,feelings.
2030,0,1,dismissed
2031,0,1,"Dude,"
2032,0,1,who's
2033,0,1,""""
2034,0,1,talks.
2035,0,2,okay
2036,0,2,tried
2037,0,1,aboutHER
2038,0,1,OTHER
2039,0,2,não
2040,0,1,w/moral
2041,0,3,choice
2042,0,2,response
2043,0,1,débat
2044,0,1,61%
2045,0,168,a
2046,0,1,https://t.co/95IPnzZB1m
2047,0,1,Everyone
2048,0,1,pot....
2049,0,1,tweeting
2050,0,1,bugs
2051,0,1,disrespect...
2052,0,1,Holt:
2053,0,1,Benghaz?
2054,0,2,pay
2055,0,1,???
2056,0,1,brilliant.
2057,0,8,that's
2058,0,1,https://t.co/vkf02bgy8P
2059,0,20,What
2060,0,1,Him:
2061,0,2,help
2062,0,1,"behavior,"
2063,0,9,don't
2064,0,1,developed
2065,0,1,"usage,"
2066,0,1,MIB
2067,0,1,confirm
2068,0,1,ok?
2069,0,1,isnt
2070,0,1,"bigots,"
2071,0,4,through
2072,0,1,https://t.co/Lx7t2h8fSw
2073,0,1,Racism???
2074,0,1,https://t.co/0Bzy1p4z6B
2075,0,1,#Pay4Play?
2076,0,2,its
2077,0,1,25
2078,0,1,https://t.co/u47rYThnj6
2079,0,1,FEELING
2080,0,1,already!
2081,0,2,Stein
2082,0,1,"already,"
2083,0,1,https://t.co/JACjykHY9m
2084,0,1,SOS
2085,0,1,"racismo,"
2086,0,1,2;
2087,0,1,symptoms
2088,0,1,Gary.
2089,0,1,Losing
2090,0,1,https://t.co/SNHZjD0ZVZ
2091,0,1,Hmm.
2092,0,5,#Obama
2093,0,1,haven't
2094,0,1,fool
2095,0,1,"it,"
2096,0,14,someone
2097,0,1,somebody
2098,0,2,"thinking,"
2099,0,29,than
2100,0,1,Philly.
2101,0,1,ya
2102,0,1,males
2103,0,1,"it"""
2104,0,3,it!
2105,0,1,it?
2106,0,1,it;
2107,0,1,~Michelle
2108,0,1,now💀
2109,0,1,https://t.co/ylt8dGUC7A
2110,0,1,peanut.
2111,0,1,failed
2112,0,1,everytime
2113,0,2,always
2114,0,1,nauseous
2115,0,1,https://t.co/R0RN6n7j5C
2116,0,1,alive...
2117,0,1,:D
2118,0,1,"thing."""
2119,0,1,stopped
2120,0,1,predators
2121,0,1,Rap
2122,0,1,repeating
2123,0,1,President!!!
2124,0,5,isn't
2125,0,1,EVER!
2126,0,2,week
2127,0,1,https://t.co/b8MIdkWGXi
2128,0,2,house
2129,0,1,energy
2130,0,1,admit...
2131,0,2,idea
2132,0,1,gun
2133,0,5,engaging
2134,0,1,bickering
2135,0,1,Waiting
2136,0,1,tonite
2137,0,1,fist
2138,0,1,Reading
2139,0,4,More
2140,0,1,Picture
2141,0,1,https://t.co/ibhxtaZPC4
2142,0,1,alcohol
2143,0,3,blacks
2144,0,1,since
2145,0,1,ONLY
2146,0,1,publish
2147,0,1,IQ
2148,0,2,acting
2149,0,1,safety
2150,0,2,Wtf
2151,0,2,"#Hillary,"
2152,0,4,issue
2153,0,2,ADMISSION
2154,0,5,ass
2155,0,1,EL
2156,0,1,earns
2157,0,1,bully
2158,0,1,Trumped-Up
2159,0,1,confidence
2160,0,1,THOU!!!
2161,0,1,According
2162,0,2,IT
2163,0,1,quick
2164,0,1,reason
2165,0,1,WITHOUT
2166,0,1,SHE
2167,0,1,members
2168,0,1,imagine
2169,0,2,put
2170,0,1,Reform
2171,0,1,puppetmaster(s)
2172,0,1,beginning
2173,0,1,driven
2174,0,1,thread
2175,0,3,People
2176,0,1,https://t.co/oU6Ko0UiNl
2177,0,4,terrible
2178,0,2,Debate
2179,0,1,uncle
2180,0,1,expecting
2181,0,2,@BernieSanders
2182,0,1,excusas.
2183,0,1,black.
2184,0,1,"dear,"
2185,0,1,Es
2186,0,1,feed
2187,0,3,major
2188,0,1,rooted
2189,0,1,feel
2190,0,1,frisked
2191,0,1,number
2192,0,1,fancy
2193,0,1,done
2194,0,1,#fourtwenty
2195,0,1,miss
2196,0,1,records...
2197,0,2,remember.
2198,0,2,guess
2199,0,1,killin
2200,0,1,points?
2201,0,2,least
2202,0,6,"thou"""
2203,0,1,disorder...#debates
2204,0,1,wonderful
2205,0,1,didn't.
2206,0,1,#AAUWDebates
2207,0,1,sued!!
2208,0,1,2:
2209,0,1,ADVICE
2210,0,1,headache
2211,0,2,para
2212,0,1,#FactCheckTheDebate
2213,0,1,"""how"""
2214,0,1,Prez.
2215,0,6,part
2216,0,10,"""When"
2217,0,5,believe
2218,0,1,convinced
2219,0,1,shld
2220,0,4,obama
2221,0,1,king
2222,0,1,kind
2223,0,2,b
2224,0,1,gotten
2225,0,1,LIAR.
2226,0,1,depressing....
2227,0,1,2020
2228,0,1,incarceration
2229,0,1,Receipts
2230,0,8,treated
2231,0,1,brining
2232,0,1,nominee
2233,0,1,https://t.co/WaMP0g3x6M
2234,0,1,fights
2235,0,1,MICHELLE'S
2236,0,1,Battles
2237,0,1,Holier
2238,0,1,Jane
2239,0,1,@realDonaldTrump's
2240,0,1,fighting
2241,0,1,huh?
2242,0,1,Compensating
2243,0,1,@IllusionOG
2244,0,1,https://t.co/OATcEN0j2W
2245,0,5,lie
2246,0,1,other?
2247,0,7,relationship
2248,0,1,self
2249,0,1,facts?
2250,0,1,lit
2251,0,5,also
2252,0,1,Pneumonia--sniffle
2253,0,1,chill
2254,0,1,transparent
2255,0,1,WERE!
2256,0,1,club
2257,0,1,play
2258,0,1,@twitter
2259,0,1,https://t.co/fsSeqCgrxF
2260,0,1,VERY
2261,0,1,quote
2262,0,1,sentence.
2263,0,1,reach
2264,0,1,that.
2265,0,2,most
2266,0,2,hired
2267,0,1,plan
2268,0,1,fight.
2269,0,2,position
2270,0,5,nothing
2271,0,1,"Gold""."
2272,0,23,The
2273,0,1,import…
2274,0,1,man!!!
2275,0,1,evokes
2276,0,1,security:
2277,0,1,2008.
2278,0,1,Egypt
2279,0,1,clear
2280,0,1,cover
2281,0,1,"while""?"
2282,0,1,#whatatimetobealive
2283,0,1,"while""!"
2284,0,1,clean
2285,0,1,TACTICAL
2286,0,1,PRESI…
2287,0,2,attacking
2288,0,1,lying
2289,0,1,dodging
2290,0,1,toddler?
2291,0,1,particularly
2292,0,1,https://t.co/RzsvkWh1tv
2293,0,1,chabon
2294,0,2,about?
2295,0,1,stfu
2296,0,1,#micdrop
2297,0,4,businesses
2298,0,1,ACCUSE
2299,0,2,se
2300,0,2,Has
2301,0,1,JC
2302,0,1,make?
2303,0,1,#high
2304,0,1,justice
2305,0,1,nervous
2306,0,1,questions...
2307,0,1,#MakeAmericaGreatAgain
2308,0,1,🤔
2309,0,1,"""Over"
2310,0,1,idiots
2311,0,1,SHIT
2312,0,4,pretty
2313,0,2,8
2314,0,1,mischievously*
2315,0,1,president...
2316,0,1,'We
2317,0,11,Michelle
2318,0,50,his
2319,0,1,weeks?
2320,0,1,invoke
2321,0,1,thisssss.
2322,0,1,Ha!
2323,0,1,🔥?
2324,0,6,"guilt"""
2325,0,1,Lol.
2326,0,1,cheaper
2327,0,1,Ouch.
2328,0,1,grew
2329,0,1,https://t.co/Zh9ZyAlcXK
2330,0,1,https://t.co/9iP00MmVbz
2331,0,1,Both
2332,0,2,competing
2333,0,1,https://t.co/vhoZIwvPFF
2334,0,4,during
2335,0,2,"thou,"
2336,0,1,emails
2337,0,1,https://t.co/3PDwwyivaM
2338,0,1,#MNF
2339,0,1,"""engaged"
2340,0,1,sleeve
2341,0,2,THIS
2342,0,1,"ahead,"
2343,0,1,Candidates?
2344,0,1,ACTUALLY
2345,0,1,businessman.
2346,0,1,Damn...
2347,0,2,disrespected
2348,0,2,&lt;SNIFFS
2349,0,1,x
2350,0,1,👀
2351,0,1,crimes.#Debates
2352,0,2,For
2353,0,1,#tytlive
2354,0,1,intelligence
2355,0,1,procrastinates
2356,0,1,#reggae
2357,0,1,Fox
2358,0,1,sex
2359,0,1,#2016debate
2360,0,1,bullshit.
2361,0,11,see
2362,0,1,defense
2363,0,1,sec
2364,0,48,are
2365,0,1,FRISK
2366,0,2,led
2367,0,1,Neither
2368,0,1,2.5
2369,0,1,#Benghazi?
2370,0,1,man....
2371,0,1,Pls
2372,0,1,SHIT.
2373,0,1,=NO
2374,0,1,nailed
2375,0,1,ninguém
2376,0,10,please
2377,0,1,debat
2378,0,1,https://t.co/oCiqxkS2di
2379,0,1,Hoft:
2380,0,2,won
2381,0,1,GREATEST
2382,0,1,years.
2383,0,2,🇺🇸
2384,0,12,guilt
2385,0,1,#IronyOverload
2386,0,1,nope
2387,0,1,King
2388,0,1,https://t.co/TcvtHxNh2L
2389,0,1,profiling
2390,0,1,recently
2391,0,1,insulted
2392,0,1,lord...
2393,0,1,missing
2394,0,1,Mi
2395,0,2,Could
2396,0,1,lawsuit.
2397,0,1,say:
2398,0,1,easily'.
2399,0,1,spray
2400,0,2,politics.
2401,0,1,"""not"
2402,0,7,African
2403,0,1,Dang
2404,0,2,AND
2405,0,9,both
2406,0,1,nose.
2407,0,6,last
2408,0,1,vulgarian
2409,0,3,thou
2410,0,1,wouldn't
2411,0,1,frase
2412,0,2,minorities
2413,0,2,became
2414,0,1,discrimina…
2415,0,1,collect
2416,0,4,let
2417,0,7,Yes
2418,0,1,@cnn
2419,0,1,ago!!
2420,0,1,ANY
2421,0,4,point
2422,0,1,address
2423,0,1,race.
2424,0,1,اجلديييه
2425,0,1,dances
2426,0,1,"bitch"""
2427,0,1,hypocrisy.
2428,0,1,Way
2429,0,1,church
2430,0,1,War
2431,0,1,#jamesjoyce
2432,0,1,Essa
2433,0,4,there.
2434,0,1,raise
2435,0,1,create
2436,0,4,political
2437,0,1,buzzard
2438,0,2,election.
2439,0,2,Most
2440,0,1,dropping
2441,0,4,damn
2442,0,2,"Sorry,"
2443,0,1,insistence!
2444,0,1,TALK
2445,0,1,Women
2446,0,1,NEEDS
2447,0,1,"Cruz,"
2448,0,1,champion
2449,0,2,HER
2450,0,1,fire
2451,0,1,https://t.co/OnGo54fzLh
2452,0,1,what's
2453,0,1,"Check"""
2454,0,2,Donny
2455,0,6,else
2456,0,1,@connerfossen
2457,0,1,not...never
2458,0,1,#someonegivehimatissue
2459,0,1,understand
2460,0,1,gag
2461,0,1,She's
2462,0,1,Starting
2463,0,3,.@HillaryClinton
2464,0,1,meme😂😂
2465,0,1,handling
2466,0,1,politician
2467,0,5,look
2468,0,1,straight
2469,0,1,bill
2470,0,1,first...
2471,0,3,while
2472,0,1,#doesthiscount
2473,0,2,smart
2474,0,1,behavior
2475,0,1,#TrumpVsHillary
2476,0,1,sniffling?
2477,0,15,#DebateNight
2478,0,1,https://t.co/HYIwn1xB5g
2479,0,1,hoping
2480,0,1,https://t.co/MhzM8RPnek
2481,0,1,supporters.
2482,0,1,HOLIER
2483,0,2,rip
2484,0,1,.......
2485,0,1,Cruz?
2486,0,1,"""deplorable"""
2487,0,1,Racist
2488,0,1,ready
2489,0,1,Tie
2490,0,1,Forcing
2491,0,2,"""holier"
2492,0,1,Debates
2493,0,1,#Obamas.
2494,0,3,funny
2495,0,1,#warondrugs
2496,0,1,OWN
2497,0,1,Chief...trying
2498,0,1,anymore
2499,0,1,Lester!!
2500,0,1,"normal,"
2501,0,1,AWAY
2502,0,1,https://t.co/lrNMoUHkQR
2503,0,9,Get
2504,0,1,away?
2505,0,1,lie!!
2506,0,1,"vocabulary,"
2507,0,1,$140M
2508,0,1,https://t.co/5pnQOoYge0
2509,0,1,going...
2510,0,1,debatiendo?
2511,0,4,Donald.
2512,0,1,used
2513,0,1,birthed
2514,0,1,@JMKTV:
2515,0,1,patriotic
2516,0,1,#sniffles
2517,0,1,"young..."""
2518,0,1,Watching...waiting
2519,0,1,"70's,"
2520,0,2,YOU
2521,0,1,here!
2522,0,1,built
2523,0,1,deflects
2524,0,1,canned
2525,0,2,lower
2526,0,1,"High"""
2527,0,2,WTF?
2528,0,1,people!
2529,0,1,"people,"
2530,0,3,people.
2531,0,1,Didn't
2532,0,2,obviously
2533,0,3,person
2534,0,1,Birther.
2535,0,1,Melania.
2536,0,3,y
2537,0,1,#racialhealing
2538,0,2,Racial
2539,0,1,Wonder
2540,0,1,stating
2541,0,7,know
2542,0,1,right😶😯
2543,0,2,NEVER
2544,0,1,ganando
2545,0,1,https://t.co/DsNuYoWKXY
2546,0,1,"point,"
2547,0,2,settlements
2548,0,1,50/50
2549,0,1,"Americans,"
2550,0,1,Americans.
2551,0,1,We're
2552,0,1,HAVE
2553,0,4,using
2554,0,3,ad
2555,0,2,@FoxNews
2556,0,3,"""Obama"
2557,0,1,#FLOTUS4Eva
2558,0,1,spin.
2559,0,1,conjured
2560,0,1,$
2561,0,22,admission
2562,0,513,#debates
2563,0,2,&lt;sniff&gt;
2564,0,1,presidents
2565,0,1,remaining
2566,0,1,chairman
2567,0,1,#SheCantTellTheTruth
2568,0,3,...
2569,0,1,answer...#debatenight
2570,0,1,https://t.co/4UaVvdCrt6
2571,0,4,Oh
2572,0,8,Did
2573,0,1,"question,"
2574,0,1,showing
2575,0,1,#NHPolitics
2576,0,1,something.)
2577,0,1,https://t.co/7NgdTt8n8J
2578,0,1,matters
2579,0,1,https://t.co/aCnE9JWMUT
2580,0,1,https://t.co/rU2fnNfUR6
2581,0,1,https://t.co/uzGRgWGnxm
2582,0,1,#debate2016
2583,0,1,Ohh
2584,0,1,question?
2585,0,1,Ya'll
2586,0,4,Or
2587,0,1,B!
2588,0,2,😂😂
2589,0,1,qiestions
2590,0,1,about????
2591,0,2,#ManyPeopleAreSaying
2592,0,1,OH
2593,0,2,ain't
2594,0,2,OF
2595,0,1,https://t.co/Vqi8FfnbMS
2596,0,1,thau.
2597,0,1,resemblance.
2598,0,1,heart
2599,0,1,https://t.co/4FJdjhN1uX
2600,0,1,happening?
2601,0,1,continue
2602,0,1,https://t.co/fRl9qeJHyV
2603,0,1,https://t.co/r1eXGPKfQF
2604,0,1,@usatoday
2605,0,1,Little
2606,0,1,absolutely
2607,0,1,fake
2608,0,11,some
2609,0,3,back
2610,0,1,"""what""."
2611,0,1,#certificate...
2612,0,1,GOING
2613,0,1,Damn
2614,0,3,"""we"
2615,0,1,Ahhh
2616,0,1,@NowHiring_
2617,0,1,Versão
2618,0,1,accomplishment
2619,0,1,https://t.co/bNxYqud0Vc
2620,0,1,https://t.co/FsWQNDVrSQ
2621,0,1,LMAO
2622,0,1,#CBN2016
2623,0,1,ANYONE
2624,0,1,Presidenta.
2625,0,1,halftime!
2626,0,1,ojos
2627,0,1,hotels
2628,0,1,LEADER
2629,0,2,good.
2630,0,3,either
2631,0,27,be
2632,0,1,https://t.co/w3JcYEbbbS
2633,0,3,run
2634,0,1,secretary.
2635,0,1,nasal
2636,0,1,Bill
2637,0,1,They've
2638,0,2,refused
2639,0,1,step
2640,0,1,puras
2641,0,1,https://t.co/nD3ypp4dUP
2642,0,1,https://t.co/Nj8dJecLRX
2643,0,8,from
2644,0,1,Hello
2645,0,1,RECEIPTS
2646,0,1,#Speeches
2647,0,1,drop.
2648,0,7,anything
2649,0,1,half.
2650,0,1,priceless.
2651,0,1,Looks
2652,0,1,#MFDebates
2653,0,2,wanna
2654,0,1,angry
2655,0,1,https://t.co/6OgbXsb7DZ
2656,0,1,concerning...
2657,0,1,seeing
2658,0,1,SUED
2659,0,1,https://t.co/l34aOwRfup
2660,0,1,sniffle
2661,0,1,dude
2662,0,3,into
2663,0,1,concerned.
2664,0,1,Their
2665,0,3,"""Maybe"
2666,0,1,calming
2667,0,1,story
2668,0,1,~Clinton
2669,0,2,..
2670,0,1,extremely
2671,0,6,question
2672,0,4,live
2673,0,5,long
2674,0,1,https://t.co/c5eLmC8V6y
2675,0,1,Where's
2676,0,1,sniffing...soooo
2677,0,1,"nothing."""
2678,0,1,Every
2679,0,1,racist...
2680,0,1,Como
2681,0,3,suit
2682,0,5,Come
2683,0,1,credit...
2684,0,1,opponent
2685,0,1,discrimination...and
2686,0,1,"#BarackObama,"
2687,0,1,"l'insulte,"
2688,0,1,Switzerland
2689,0,3,line
2690,0,1,Start
2691,0,1,raising
2692,0,1,&lt;3
2693,0,1,"..."""
2694,0,1,hair
2695,0,1,Ever.
2696,0,1,"Netflix,"
2697,0,1,"words""???"
2698,0,1,Twitter
2699,0,2,....
2700,0,21,up
2701,0,10,us
2702,0,2,ur
2703,0,2,um
2704,0,2,un
2705,0,1,Those
2706,0,3,called
2707,0,4,@POTUS
2708,0,1,Narcissistic
2709,0,1,door.
2710,0,2,constant
2711,0,1,@UCAHPaW
2712,0,1,Perhaps
2713,0,1,naissance
2714,0,1,#sniff?
2715,0,1,lost.
2716,0,1,problem.
2717,0,2,single
2718,0,1,"settled,"
2719,0,1,settled.
2720,0,1,independents
2721,0,1,Murder
2722,0,1,"""TheDonald"""
2723,0,1,backs
2724,0,2,thinks
2725,0,1,smiling.
2726,0,1,politicians
2727,0,4,definitely
2728,0,1,"resistencia,"
2729,0,2,department
2730,0,2,b/c
2731,0,1,Man
2732,0,1,explaining
2733,0,1,noche
2734,0,1,"ffs,"
2735,0,1,everyday?
2736,0,1,books...#DebateNight
2737,0,2,problems
2738,0,8,prepared
2739,0,1,Cast
2740,0,1,#trdw
2741,0,1,wins...
2742,0,2,"@HillaryClinton,"
2743,0,1,Discussing
2744,0,1,non-whites:
2745,0,1,https://t.co/1lUK3s1Skv
2746,0,1,"l'interrompt,"
2747,0,1,https://t.co/CtRdeO4PFl
2748,0,1,blinks
2749,0,1,Am
2750,0,1,scream
2751,0,1,alugar
2752,0,1,OMFG
2753,0,1,2000
2754,0,1,opposing
2755,0,1,Scott
2756,0,1,https://t.co/goUl5pXGR1
2757,0,1,😂😂😂😂😂Y'all
2758,0,2,far
2759,0,5,she's
2760,0,2,2008
2761,0,2,Apparently
2762,0,1,(1/2)#debates
2763,0,1,#FeelTheJohnson
2764,0,1,tonight’s
2765,0,1,losin
2766,0,1,d'Obama
2767,0,44,go
2768,0,1,sake.
2769,0,2,issues
2770,0,1,Scott.
2771,0,1,Notice
2772,0,3,Someone
2773,0,1,"Ted,"
2774,0,1,MANY
2775,0,1,show!!!
2776,0,1,send
2777,0,5,nose
2778,0,1,GOODNESS!
2779,0,1,before?
2780,0,1,https://t.co/ZD6rqa8937
2781,0,1,red🔴🔴🔴🔴
2782,0,3,Racism
2783,0,1,grasping
2784,0,1,"""Save"
2785,0,1,Now
2786,0,1,deal?
2787,0,1,😒😒
2788,0,1,Haha
2789,0,1,unglued.
2790,0,1,more?
2791,0,1,https://t.co/doWpgRXpGG
2792,0,3,ALL
2793,0,1,DOPE
2794,0,1,debate.#Debates
2795,0,1,https://t.co/ju9KM6iNL2
2796,0,1,more!
2797,0,1,devuelve
2798,0,4,Not
2799,0,3,telling
2800,0,1,DO.
2801,0,2,drinking
2802,0,1,continued
2803,0,1,wipe
2804,0,1,"No,"
2805,0,2,entire
2806,0,1,No.
2807,0,1,#imwithher
2808,0,1,#tcot
2809,0,1,"University"""
2810,0,1,Make
2811,0,4,having
2812,0,1,https://t.co/sI7bOigSIq
2813,0,1,akroyed
2814,0,8,try
2815,0,1,Whaaaaa???
2816,0,1,suit.
2817,0,4,race
2818,0,1,couple.
2819,0,1,evr
2820,0,1,LAW
2821,0,1,puke
2822,0,1,bozo!
2823,0,1,"racist."""
2824,0,1,informação
2825,0,1,instead?
2826,0,2,State
2827,0,1,pres
2828,0,1,dignity.
2829,0,1,picked
2830,0,2,"dignity"""
2831,0,1,cat
2832,0,1,trash
2833,0,1,depression
2834,0,1,Neener
2835,0,2,WHAT
2836,0,1,"fault."""
2837,0,1,checkers
2838,0,2,business
2839,0,1,giving
2840,0,1,"that"""
2841,0,2,#birther
2842,0,1,#JustSayNoToOrange
2843,0,4,waiting
2844,0,1,Properly
2845,0,1,attire
2846,0,2,America
2847,0,1,O'Brien
2848,0,1,twitter.
2849,0,1,Knope
2850,0,1,Flip-flopping
2851,0,1,Yup
2852,0,1,commercial
2853,0,1,punch
2854,0,1,https://t.co/VYQyx6V5Lo
2855,0,1,Prior
2856,0,1,@CNNPolitics
2857,0,1,Green
2858,0,2,healing
2859,0,1,others
2860,0,1,clicked
2861,0,1,@OMAROSA
2862,0,1,says.
2863,0,1,@cxi
2864,0,1,https://t.co/9RB6J06Aca
2865,0,4,settling
2866,0,18,birther
2867,0,14,great
2868,0,1,Donald?
2869,0,4,30
2870,0,2,"""He"
2871,0,1,"""Everybody"
2872,0,1,35
2873,0,1,leaving
2874,0,1,*an
2875,0,1,...like
2876,0,1,"Or,"
2877,0,1,Palm
2878,0,2,weren't
2879,0,1,orangutan
2880,0,1,shitshow
2881,0,1,opinion
2882,0,1,"returns,"
2883,0,3,makes
2884,0,1,thats
2885,0,1,👊🎤
2886,0,2,#TrumpVsClinton
2887,0,1,win
2888,0,1,limp
2889,0,1,private
2890,0,1,https://t.co/1vNMSyNc0a
2891,0,1,addressed
2892,0,1,fraud
2893,0,1,#Arbonne
2894,0,1,dumbest
2895,0,1,apply
2896,0,1,debate?!?!
2897,0,1,causal
2898,0,1,#DangerousDonald
2899,0,5,use
2900,0,2,crap
2901,0,1,interviews.
2902,0,2,POINT
2903,0,1,https://t.co/XgO6qGvUk9
2904,0,1,beyond:
2905,0,4,next
2906,0,1,procrastinate
2907,0,1,YA
2908,0,1,Schoolyard
2909,0,1,https://t.co/XRWiW38eGw
2910,0,1,bonds
2911,0,2,hiding
2912,0,1,"insulted.""..."
2913,0,1,falando
2914,0,1,president?
2915,0,1,giggle
2916,0,10,started
2917,0,1,sir.
2918,0,1,"""long"
2919,0,1,😝😝
2920,0,1,https://t.co/CJVAxtgtbB
2921,0,1,Bath
2922,0,2,president.
2923,0,1,rabbit
2924,0,1,penis
2925,0,2,women
2926,0,2,fan
2927,0,1,s—t
2928,0,1,account
2929,0,1,LIKE
2930,0,1,salad
2931,0,2,shit.
2932,0,56,this
2933,0,1,stroke
2934,0,1,@realDonaldTrump?
2935,0,1,Jeb
2936,0,1,https://t.co/LCgq8CRVI8
2937,0,2,https://t.co/UoFdbF7To0
2938,0,1,*smile
2939,0,1,meet
2940,0,1,@larrywilmore
2941,0,1,@realDonaldTrump.
2942,0,3,control
2943,0,1,activities.
2944,0,1,high?
2945,0,1,cierra
2946,0,1,"far,"
2947,0,5,high.
2948,0,3,tax
2949,0,1,"genuine,"
2950,0,4,high
2951,0,1,Mr.
2952,0,1,pulling
2953,0,3,something
2954,0,1,dignity
2955,0,3,Party
2956,0,2,far?
2957,0,1,voice
2958,0,1,puppet.
2959,0,5,"high"""
2960,0,1,embodiment
2961,0,1,Ya
2962,0,1,"companies"""
2963,0,1,"behavior""."
2964,0,1,speech?
2965,0,1,"behavior""-"
2966,0,1,acusado
2967,0,3,instead
2968,0,1,#favorite
2969,0,1,#hugitout
2970,0,1,tension
2971,0,12,de
2972,0,1,#Fact
2973,0,1,Questions
2974,0,1,attend
2975,0,1,https://t.co/iV0DNrtPWD
2976,0,1,#TrumpOnCoke
2977,0,1,https://t.co/ZoD9UH5kfO
2978,0,7,act
2979,0,2,OMG!
2980,0,1,hyperventilating.
2981,0,1,BULL.
2982,0,1,Nasty
2983,0,6,#DonaldTrump
2984,0,1,men
2985,0,1,STEALING
2986,0,1,fits
2987,0,1,says!
2988,0,1,"""Yes."
2989,0,1,https://t.co/iUup1RiGu6
2990,0,1,#agreed
2991,0,1,pale.
2992,0,1,22nd
2993,0,1,adjectives
2994,0,1,https://t.co/nQPr5ixJST
2995,0,2,lines
2996,0,1,winner.
2997,0,1,One
2998,0,1,destroying
2999,0,1,demonio
3000,0,1,Politics
3001,0,1,disrespecting
3002,0,1,#TrumpTrain…
3003,0,1,preparing
3004,0,1,King!
3005,0,2,move
3006,0,1,muto
3007,0,1,cert?
3008,0,2,#debates.
3009,0,1,referenced
3010,0,4,won't
3011,0,3,looks
3012,0,1,"breaths,"
3013,0,1,mentioned
3014,0,1,#debates…
3015,0,1,WITH
3016,0,1,correcta:
3017,0,1,DonaldTrump
3018,0,1,two.
3019,0,1,le
3020,0,1,oxygen!
3021,0,5,la
3022,0,1,chosen
3023,0,1,"powerful,"
3024,0,1,important.
3025,0,1,Who's
3026,0,6,American
3027,0,30,him
3028,0,1,sniffling
3029,0,1,fuck..
3030,0,4,orange
3031,0,1,Muslims.
3032,0,1,2016
3033,0,2,2012
3034,0,1,happened.
3035,0,1,campaigned
3036,0,1,#takeaseat
3037,0,1,muestran
3038,0,1,dan
3039,0,1,speech…
3040,0,1,COMPANIES
3041,0,1,https://t.co/XrBz52BpZ5
3042,0,1,hate
3043,0,1,Cat
3044,0,1,dat
3045,0,1,property
3046,0,1,"Yet,"
3047,0,10,Can
3048,0,1,yuge
3049,0,1,front
3050,0,1,documented
3051,0,1,https://t.co/V6oA6RY5pF
3052,0,3,realize
3053,0,8,presidential
3054,0,1,FIRST
3055,0,1,https://t.co/4aKiWamuvm
3056,0,1,rails.
3057,0,1,Sad
3058,0,3,sniffing
3059,0,1,Manhattan.
3060,0,1,control!!
3061,0,5,Gary
3062,0,1,modo
3063,0,1,receipt.
3064,0,1,liar!!
3065,0,1,ROOTING
3066,0,13,doing
3067,0,1,creature
3068,0,1,hlp
3069,0,1,trash.
3070,0,1,ABC
3071,0,1,friggin'
3072,0,12,our
3073,0,1,wine.
3074,0,1,idiot.
3075,0,16,out
3076,0,1,Welps.
3077,0,2,Very
3078,0,1,#TryingToLose
3079,0,1,"obligada,pero"
3080,0,1,"""Semi-exact"""
3081,0,3,time.
3082,0,1,phrase.
3083,0,1,time)
3084,0,2,hilarious
3085,0,1,mato
3086,0,2,"""It"
3087,0,2,Trying
3088,0,3,cause
3089,0,1,https://t.co/dI1ZgkSBXh
3090,0,1,brasileira.
3091,0,1,@MoorheadTheater
3092,0,2,shut
3093,0,1,https://t.co/xPuFqwBODK
3094,0,22,This
3095,0,1,met?
3096,0,1,#teamrhetoric
3097,0,1,https://t.co/YjiqQbLaMs
3098,0,1,negros
3099,0,1,https://t.co/023s8mYhg1
3100,0,1,qui
3101,0,1,embarrass
3102,0,1,Seriously...there
3103,0,2,receipts
3104,0,1,"them,"
3105,0,1,prepare
3106,0,1,"NYC,"
3107,0,1,WIFE
3108,0,2,"things"""
3109,0,1,https://t.co/B65saf5vMM
3110,0,1,"#DNCleak,"
3111,0,1,#trumpquotes
3112,0,2,times
3113,0,1,conversation
3114,0,3,literally
3115,0,1,locação
3116,0,1,😩😩😩
3117,0,1,#Elections2016
3118,0,2,Street
3119,0,5,there
3120,0,1,SNIFFFFF!
3121,0,1,Salts?
3122,0,1,hey
3123,0,1,"""birther"""
3124,0,1,"""Yes,"
3125,0,1,#Nahhhh
3126,0,1,bitch
3127,0,1,https://t.co/IybCusn9PC
3128,0,1,suck
3129,0,1,ser
3130,0,1,"debate?"""
3131,0,8,you're
3132,0,2,"two,"
3133,0,1,North
3134,0,1,fair
3135,0,1,NY
3136,0,1,squinting
3137,0,1,pots
3138,0,2,system
3139,0,2,relations
3140,0,1,term?
3141,0,1,attack
3142,0,1,AMERICANS
3143,0,2,enough.
3144,0,1,#stopandfrisk
3145,0,1,STILL
3146,0,1,Donald-blow
3147,0,1,painful
3148,0,3,"""We"
3149,0,1,planeaste
3150,0,1,-TRUMP
3151,0,3,big
3152,0,1,roasts
3153,0,1,assassinated!
3154,0,1,gotcha
3155,0,1,nobody
3156,0,1,#StayPeculiar
3157,0,1,This.
3158,0,1,pouty
3159,0,1,https://t.co/KEOg6JHktU
3160,0,1,Mooo-slums
3161,0,1,CRIME!
3162,0,1,https://t.co/PkzkHxL84M
3163,0,1,RACIAL
3164,0,1,"Aka,"
3165,0,1,SPEECH!!!
3166,0,1,https://t.co/NwrNI1avUP
3167,0,1,bem
3168,0,1,seus
3169,0,1,shampoo
3170,0,1,youtube
3171,0,3,discriminating
3172,0,1,claim
3173,0,3,like...
3174,0,1,imbecilidad.
3175,0,1,loves
3176,0,1,https://t.co/nU2E67oR3p
3177,0,1,dumb
3178,0,1,#showthemedicalrecords
3179,0,1,bet
3180,0,1,yrs.
3181,0,1,sis.
3182,0,1,Pay
3183,0,1,https://t.co/T7dxdhYapd
3184,0,1,sadly.
3185,0,1,#nbc
3186,0,3,tonight
3187,0,2,"""It's"
3188,0,1,"you,"
3189,0,1,BLACK
3190,0,1,defending
3191,0,33,have
3192,0,1,interruptions
3193,0,8,need
3194,0,1,can't.
3195,0,1,demonstration
3196,0,1,11th
3197,0,1,can't)
3198,0,1,complete
3199,0,1,microphone
3200,0,1,"""mooslims"""
3201,0,1,After
3202,0,1,able
3203,0,5,HILLARY
3204,0,1,Twitter!
3205,0,1,Stevie
3206,0,4,which
3207,0,2,reactions
3208,0,1,Leslie
3209,0,1,https://t.co/BWopvvjbJf
3210,0,5,=
3211,0,1,competence
3212,0,1,Sniff
3213,0,1,QUOTED
3214,0,1,'What
3215,0,14,who
3216,0,1,"business,"
3217,0,1,THING
3218,0,1,"""White"
3219,0,1,News.
3220,0,1,THINK
3221,0,1,https://t.co/uC7kIiHQXU
3222,0,1,https://t.co/Bnc3ZPPCJm
3223,0,2,RIGHT
3224,0,1,boy'-Trump
3225,0,1,again!....OMG
3226,0,1,FACT
3227,0,2,GET
3228,0,1,Some
3229,0,4,face
3230,0,1,looked
3231,0,1,Wow.
3232,0,40,Donald
3233,0,1,"Wow,"
3234,0,1,undeniably
3235,0,1,prepper
3236,0,1,NOTHING
3237,0,1,sightings?
3238,0,1,skunk
3239,0,1,hypocrite!
3240,0,3,fact
3241,0,2,Here's
3242,0,1,son
3243,0,1,wonderful.
3244,0,1,Acts
3245,0,2,one.
3246,0,1,https://t.co/RcRfiZ99vn
3247,0,6,watch
3248,0,5,bring
3249,0,1,#debates?
3250,0,1,drip!
3251,0,1,"mean,"
3252,0,1,soldiers
3253,0,1,fear
3254,0,1,https://t.co/G5hmWD3hQR
3255,0,31,debate
3256,0,1,decisions.
3257,0,1,based
3258,0,1,WOW.
3259,0,1,baby....
3260,0,1,"many,"
3261,0,4,should
3262,0,1,sniffing!!
3263,0,2,Jill
3264,0,4,candidates
3265,0,1,WENT
3266,0,1,"Douche,"
3267,0,1,thousands
3268,0,1,"smug,"
3269,0,2,hope
3270,0,1,LOLOLOLOL
3271,0,1,agree.
3272,0,166,#debatenight
3273,0,1,Nevermind
3274,0,1,handle
3275,0,13,watching
3276,0,1,beat
3277,0,1,Dorito.
3278,0,1,unbeatable
3279,0,1,tee!
3280,0,2,asshole.
3281,0,3,community
3282,0,4,ones
3283,0,1,legitimate
3284,0,3,words
3285,0,1,MEET
3286,0,1,timing
3287,0,9,THE
3288,0,1,innocent.
3289,0,1,https://t.co/PzgfILmNzx
3290,0,1,TRYING
3291,0,4,Because
3292,0,1,"bets,"
3293,0,2,course
3294,0,1,him?
3295,0,1,SPREADING
3296,0,1,married
3297,0,1,ALLOWS
3298,0,1,anything.
3299,0,1,taxes
3300,0,1,tuned
3301,0,1,Sniffs.
3302,0,1,Wall
3303,0,1,stuff
3304,0,1,Jones
3305,0,1,Done.
3306,0,1,😂😂😂😂
3307,0,1,btw
3308,0,1,"""Hofstra"
3309,0,1,pants
3310,0,1,solo
3311,0,1,frame
3312,0,1,DIRECT
3313,0,1,Send
3314,0,1,@SenSanders
3315,0,1,!!!!
3316,0,1,–
3317,0,1,@PoliticalTicker
3318,0,1,powder
3319,0,1,"end,"
3320,0,1,Low-Energy
3321,0,1,#JohnsonWeld
3322,0,1,bias!
3323,0,1,Good
3324,0,1,Again.
3325,0,1,trump!
3326,0,1,nuclear
3327,0,1,posse
3328,0,1,state
3329,0,2,proof
3330,0,1,horrible
3331,0,1,tens
3332,0,2,trump?
3333,0,1,neither
3334,0,2,bunch
3335,0,1,bought
3336,0,1,https://t.co/mKrf5vqvXR
3337,0,6,#debates2016
3338,0,1,@MSNBC
3339,0,1,https://t.co/BBXeZigIEr
3340,0,1,Democrat
3341,0,1,#liar
3342,0,1,😲😒😅
3343,0,1,"thanks,"
3344,0,1,también
3345,0,2,key
3346,0,1,#WIBackHer
3347,0,8,lawsuit
3348,0,1,Kleenex.
3349,0,1,Him!!!!!
3350,0,2,piece
3351,0,3,sniff
3352,0,3,career
3353,0,1,joke
3354,0,1,invited
3355,0,1,takinf
3356,0,8,admit
3357,0,1,https://t.co/WUfxGNNvKp
3358,0,1,trumps
3359,0,1,lo
3360,0,1,wear
3361,0,2,comment
3362,0,1,THEN
3363,0,1,reacting
3364,0,1,"""inner"
3365,0,2,Her
3366,0,1,Doesn't
3367,0,1,wall
3368,0,1,"wrong!"""
3369,0,1,"""Do"
3370,0,3,Hey
3371,0,3,Lol
3372,0,1,drugs.
3373,0,1,together.
3374,0,1,THEY
3375,0,2,away
3376,0,2,respect
3377,0,3,winning
3378,0,1,nomination
3379,0,1,https://t.co/Z5rW6fYmNk
3380,0,1,citizenship
3381,0,4,IS
3382,0,2,quit
3383,0,1,tanto.
3384,0,1,plagiarized
3385,0,3,discrimination
3386,0,1,"choice,"
3387,0,1,"""just"
3388,0,1,DAMN
3389,0,1,treat
3390,0,1,Sterling
3391,0,1,#StopHillary
3392,0,1,curtain
3393,0,1,waste
3394,0,1,choose
3395,0,1,shield.
3396,0,1,c)
3397,0,1,https://t.co/Xi3Ajk60QI
3398,0,4,bit
3399,0,1,#hilarious
3400,0,3,Of
3401,0,1,"ISIS,"
3402,0,1,#HIllary
3403,0,1,one...you
3404,0,1,al
3405,0,1,#taxreturn
3406,0,1,fired**
3407,0,1,insane😒
3408,0,1,S&amp;F
3409,0,15,an
3410,0,1,Heading
3411,0,1,Fact
3412,0,4,That's
3413,0,5,And
3414,0,2,#Debatenight
3415,0,1,wins
3416,0,1,é
3417,0,4,means
3418,0,1,harder
3419,0,1,Ese
3420,0,1,value
3421,0,1,choices
3422,0,7,will
3423,0,1,Yea
3424,0,1,https://t.co/481z0bIKHV
3425,0,1,"man!"""
3426,0,1,"""But"
3427,0,1,#BankruptTrump
3428,0,1,decongestant
3429,0,1,"high,"
3430,0,1,interrumpe
3431,0,2,les
3432,0,1,almost
3433,0,1,delaying
3434,0,1,helped
3435,0,1,draining
3436,0,1,Omarosa
3437,0,1,@billmaher
3438,0,2,.realDonaldTrump:
3439,0,12,You
3440,0,1,Hope
3441,0,1,denial
3442,0,1,Americans...
3443,0,1,https://t.co/w68c1CKYwT
3444,0,1,una
3445,0,1,"set,"
3446,0,1,administration
3447,0,1,PREPARED.
3448,0,1,"sooooo""?"
3449,0,1,slammed
3450,0,1,aventaja
3451,0,1,digging
3452,0,1,(her
3453,0,1,gets
3454,0,1,privileged
3455,0,1,"""they"
3456,0,1,#blacklivesmatter
3457,0,1,histamínico
3458,0,1,appearances
3459,0,1,disagree
3460,0,1,v.
3461,0,1,#low
3462,0,1,https://t.co/fvvasmuGR5
3463,0,1,#website
3464,0,4,keep
3465,0,1,broke
3466,0,1,argue
3467,0,4,off
3468,0,1,b)
3469,0,1,#animation
3470,0,3,i
3471,0,5,whole
3472,0,1,https://t.co/QzCgw9Qcl6
3473,0,2,well
3474,0,1,https://t.co/OccQMckOgx
3475,0,3,thought
3476,0,12,these
3477,0,1,daMN
3478,0,2,ARE
3479,0,1,Have
3480,0,1,Need
3481,0,1,https://t.co/jR4FVJ3kgf
3482,0,1,dando
3483,0,1,"privilege"""
3484,0,1,preparé
3485,0,1,https://t.co/TlRAeHSqpQ
3486,0,1,bothering
3487,0,1,Never
3488,0,1,Ooh
3489,0,1,"pres,"
3490,0,1,#TeamGov
3491,0,1,bullshit?
3492,0,1,should've
3493,0,1,seconds.
3494,0,2,momento
3495,0,1,rooms
3496,0,1,BS
3497,0,1,#Imwithher
3498,0,1,BY
3499,0,1,70s
3500,0,1,"security,"
3501,0,1,.@SenSanders!
3502,0,13,now
3503,0,2,"work,"
3504,0,1,"28,"
3505,0,1,work.
3506,0,2,"work"""
3507,0,1,movement....
3508,0,2,racist?
3509,0,1,killed
3510,0,1,racist!
3511,0,1,heritage
3512,0,1,Reason
3513,0,1,😳...
3514,0,1,'garb'
3515,0,1,"year"""
3516,0,1,FACTS
3517,0,1,Atlantic
3518,0,1,earnestly
3519,0,5,"racist,"
3520,0,1,kick
3521,0,1,apartamentos
3522,0,1,know...
3523,0,1,"PRESIDENT,"
3524,0,1,annoyed.
3525,0,1,o…
3526,0,1,OMGosh
3527,0,1,😂💅🏼#debatenight
3528,0,1,https://t.co/LVvFknCTPf
3529,0,1,historia
3530,0,1,Pedophile
3531,0,1,@JayEeeTee
3532,0,2,facial
3533,0,1,nor
3534,0,1,"""but"
3535,0,6,TRUMP
3536,0,1,issues.
3537,0,2,racists
3538,0,1,"issues,"
3539,0,1,https://t.co/IsYegDYY5y
3540,0,30,like
3541,0,1,flipadas
3542,0,1,DOUBLE
3543,0,1,--
3544,0,1,@HillaryClinton's
3545,0,5,"high."""
3546,0,3,admitted
3547,0,1,cosas
3548,0,1,backlash
3549,0,1,sued...
3550,0,1,BIRTH
3551,0,1,lose
3552,0,1,'Wtf
3553,0,1,"""her"""
3554,0,1,#USPresidentialDebate
3555,0,1,@ABCPolitics
3556,0,1,amendment
3557,0,9,because
3558,0,1,oh...
3559,0,1,twitter
3560,0,9,holier
3561,0,1,hush
3562,0,1,in?
3563,0,1,ridiculous.
3564,0,1,past.
3565,0,1,standards!
3566,0,5,gonna
3567,0,1,DJT
3568,0,1,tj
3569,0,1,before.
3570,0,1,urge.
3571,0,1,"American"""
3572,0,1,lead
3573,0,1,broad
3574,0,1,Clooney's
3575,0,3,kettle
3576,0,1,@lildickytweets
3577,0,2,money?
3578,0,18,does
3579,0,1,it....
3580,0,1,Movement
3581,0,1,Donald's
3582,0,1,demonstrated
3583,0,2,hasn't
3584,0,1,#racism
3585,0,1,"""Sure"
3586,0,1,HABLEN
3587,0,1,[Trump]
3588,0,1,stuff.
3589,0,1,#NeverTrumpOrHillary
3590,0,2,disrespectful
3591,0,1,Play
3592,0,1,babble😂
3593,0,1,host
3594,0,2,"certificate."""
3595,0,1,Chester
3596,0,1,#Michelle2016
3597,0,19,&amp;
3598,0,1,mite
3599,0,4,stage
3600,0,50,about
3601,0,1,😎
3602,0,3,actual
3603,0,1,https://t.co/q4MwacY3TY
3604,0,1,Johnny
3605,0,9,getting
3606,0,1,FLOTUS
3607,0,1,telling?
3608,0,1,"while?"""
3609,0,1,soltou
3610,0,1,HIS
3611,0,2,US
3612,0,1,https://t.co/FZybXSayC9
3613,0,4,Americans
3614,0,1,https://t.co/Qdv7NoGMXn
3615,0,1,MISDIRECTION!
3616,0,1,ciudadanía
3617,0,1,tongue
3618,0,1,"es,"
3619,0,1,Brilliant.
3620,0,1,Really
3621,0,1,garb”
3622,0,6,own
3623,0,1,?????
3624,0,1,times?
3625,0,1,"court,"
3626,0,5,year
3627,0,1,"Meanwhile,"
3628,0,1,facts💅🏾
3629,0,1,diciendo
3630,0,1,road
3631,0,1,oxygen?
3632,0,1,https://t.co/Qqlh5SzeuC
3633,0,1,QUESTIONING
3634,0,4,forget
3635,0,1,https://t.co/gcCWAZuQRG
3636,0,1,merf
3637,0,1,country?'
3638,0,2,clown
3639,0,1,DISCRIMINATION
3640,0,3,housing
3641,0,1,*
3642,0,1,#debatenight2016
3643,0,1,one-hit-kill.
3644,0,12,much
3645,0,1,inner
3646,0,1,Listening
3647,0,1,Read
3648,0,1,biggest
3649,0,1,#debatewithbernie
3650,0,1,November
3651,0,1,yrs
3652,0,2,"garb"""
3653,0,1,funnel
3654,0,5,certificate
3655,0,1,Si
3656,0,1,WHAT?
3657,0,1,brand
3658,0,18,but
3659,0,1,volume
3660,0,1,https://t.co/1Cy2QAsmvR
3661,0,1,Oops
3662,0,2,"""I'm"
3663,0,1,match.
3664,0,1,"best,"
3665,0,1,https://t.co/995qCwZwrA
3666,0,63,he
3667,0,2,made
3668,0,1,tactics
3669,0,1,Drink
3670,0,1,dangerous
3671,0,2,cells
3672,0,1,resist.
3673,0,1,distract
3674,0,3,this.
3675,0,7,record
3676,0,1,stories
3677,0,1,cake
3678,0,2,eyes.
3679,0,1,#debate
3680,0,2,minutes
3681,0,1,disrespectful.
3682,0,1,DENOUNCED
3683,0,1,dataviz
3684,0,1,whatever
3685,0,1,pic
3686,0,1,Don
3687,0,1,dialogue
3688,0,1,tuitea
3689,0,2,is...
3690,0,1,disrespectful?
3691,0,1,#news
3692,0,1,mejor
3693,0,1,spiel.
3694,0,1,THAN
3695,0,1,Especially
3696,0,1,cavalry
3697,0,4,Save
3698,0,1,PRESIDENT?
3699,0,1,"Well,"
3700,0,1,https://t.co/2em2t4xZc3
3701,0,1,https://t.co/F7HA3S1hQV
3702,0,2,claiming
3703,0,1,gloating
3704,0,1,"""Certain"
3705,0,6,other
3706,0,1,compares
3707,0,1,sick
3708,0,1,primary.
3709,0,1,mass
3710,0,1,incredibly
3711,0,2,#LetGaryDebate
3712,0,1,https://t.co/J6W67IBKqj
3713,0,1,#Lester...#STFU
3714,0,1,repeat
3715,0,3,again.
3716,0,1,1980's
3717,0,1,OBAMA.
3718,0,2,tissue?
3719,0,1,blacks.
3720,0,1,class
3721,0,1,become
3722,0,1,enlargement
3723,0,1,in.
3724,0,2,U
3725,0,1,again?
3726,0,1,LOT!
3727,0,2,friends
3728,0,1,South
3729,0,1,'
3730,0,1,money...what
3731,0,1,ZERO
3732,0,1,Private
3733,0,1,@connieansaldi
3734,0,2,Dems
3735,0,1,rumor.
3736,0,2,"""the"
3737,0,1,news.
3738,1,1,https://t.co/ZjAGCRRjdH
3739,1,1,https://t.co/mxmnXJvtBH
3740,1,1,https://t.co/yFk96uLx0y
3741,1,150,just
3742,1,1,https://t.co/8AwGe9Q8gO
3743,1,1,https://t.co/BxMDL0Zkj4
3744,1,1,https://t.co/p5UjpD0tCZ
3745,1,1,https://t.co/KUVblDE4az
3746,1,1,https://t.co/fcA5LMY1lM
3747,1,1,https://t.co/NQC5iov2kB
3748,1,1,https://t.co/JC4iRk5Kee
3749,1,1,https://t.co/os6mvT4Rle
3750,1,1,https://t.co/4Feo3niFpN
3751,1,1,https://t.co/AUkznRsEVI
3752,1,1,https://t.co/dKZydwWTiW
3753,1,1,https://t.co/EahLWn1RiR
3754,1,1,https://t.co/oSEE7JM2VW
3755,1,1,https://t.co/RC7fCIuxHX
3756,1,1,https://t.co/K1mjSQiQ5K
3757,1,1,https://t.co/oLyZ4y6RFw
3758,1,1,https://t.co/XKDRK4kx0Z
3759,1,1,https://t.co/bwT6bm1SRr
3760,1,1,https://t.co/lqK2Oqj7vd
3761,1,1,https://t.co/BzvuBchTa9
3762,1,1,https://t.co/DUK2dnpDE5
3763,1,1,https://t.co/62rB67GvTU
3764,1,1,https://t.co/863KFxrNtC
3765,1,150,#Debates
3766,1,1,https://t.co/AXm4Y1Cjyt
3767,1,150,@nbcwashington
3768,1,150,winning.
3769,1,1,https://t.co/cJ06aiZAEb
3770,1,1,https://t.co/vKxiRHyY4d
3771,1,1,https://t.co/XmD0YbHx4t
3772,1,1,https://t.co/5howvIUv4M
3773,1,1,https://t.co/5PngXd2R6U
3774,1,1,continue
3775,1,1,https://t.co/rbvvt7a3a8
3776,1,1,https://t.co/kh8wSycWIT
3777,1,1,https://t.co/6iB6ivHbb0
3778,1,1,https://t.co/aOXWn4iQIH
3779,1,1,https://t.co/NHIe5b31BH
3780,1,1,https://t.co/65PilKH6K4
3781,1,1,https://t.co/Z5ClpRulxG
3782,1,1,https://t.co/0gHz6wNsho
3783,1,1,https://t.co/8Rq7szlx2S
3784,1,1,https://t.co/wO8AnyzuJ3
3785,1,1,@I
3786,1,1,https://t.co/aXuKHWBB4x
3787,1,1,https://t.co/iCZ3pzvYZ0
3788,1,1,https://t.co/FmtT5aMgdJ
3789,1,1,https://t.co/bv7VwpO056
3790,1,1,https://t.co/ck7QZS7ssa
3791,1,1,https://t.co/UO7dBqkyXB
3792,1,1,https://t.co/fIHhqN55CJ
3793,1,1,https://t.co/vfoJLRVLGr
3794,1,1,https://t.co/iELf8pbrh3
3795,1,1,https://t.co/08LtfjpZVb
3796,1,1,https://t.co/e88CvnsVxQ
3797,1,1,https://t.co/Xo4Paj8Vjr
3798,1,1,https://t.co/tTeDHnDGCH
3799,1,1,https://t.co/T8pfXL7shS
3800,1,1,https://t.co/U5ssaZYzb3
3801,1,1,https://t.co/7CTlKB2Bhr
3802,1,1,https://t.co/AaHSufnT5s
3803,1,1,https://t.co/w23hcXDFEv
3804,1,1,https://t.co/B1FC7jQt5W
3805,1,1,https://t.co/nbeSh2RpFV
3806,1,1,https://t.co/r7pxhMDbo1
3807,1,1,https://t.co/rL1fPUGJmC
3808,1,1,https://t.co/FiAbxAcmTK
3809,1,1,https://t.co/2WpL1LDDxs
3810,1,1,https://t.co/LCER5IdXQa
3811,1,1,https://t.co/ioBuQ0am91
3812,1,1,https://t.co/6yXEhcxRNB
3813,1,1,https://t.co/BmDpnFZgHJ
3814,1,1,https://t.co/wsV8If9jH0
3815,1,1,https://t.co/DxJHbUizu3
3816,1,1,https://t.co/KUsqeFXBYd
3817,1,1,https://t.co/gcSrSrW39X
3818,1,1,https://t.co/bYaHC6gyKT
3819,1,1,https://t.co/dLy5Em0yLK
3820,1,1,https://t.co/bxWIh6f5p4
3821,1,1,https://t.co/3q8acs8lBd
3822,1,1,https://t.co/2cO4cYRkhI
3823,1,1,https://t.co/HWL3RpA82p
3824,1,150,think
3825,1,1,https://t.co/pNbyBvBiAO
3826,1,1,https://t.co/vYPhAweBvl
3827,1,1,https://t.co/ijiiw9gJj8
3828,1,150,#NBC4DC
3829,1,1,https://t.co/KOdJhvIPFs
3830,1,1,https://t.co/kQ5sWkU9F0
3831,1,1,https://t.co/kGDxBpPwVR
3832,1,1,lies
3833,1,1,https://t.co/vWOBqmzVOp
3834,1,1,https://t.co/5ycM0cv9PS
3835,1,150,vote
3836,1,150,your
3837,1,1,https://t.co/bYwWvUnc37
3838,1,1,https://t.co/4B2gm5SXuM
3839,1,1,https://t.co/l9a6fBTcdK
3840,1,1,https://t.co/4vhg6ySTZI
3841,1,1,https://t.co/jHg7SlmoNU
3842,1,2,Hillary
3843,1,1,https://t.co/4VOHYeOJzU
3844,1,1,https://t.co/hkSHymIgJF
3845,1,1,https://t.co/XMdy4kwKfh
3846,1,1,https://t.co/a4ba2yySvC
3847,1,1,https://t.co/r5XHLjCwlL
3848,1,1,https://t.co/i5Z8pJ2XZs
3849,1,1,https://t.co/4vbTdMXX0L
3850,1,1,https://t.co/2ceJO4iqou
3851,1,1,https://t.co/gx6VlEp699
3852,1,1,https://t.co/dcosxyWTFT
3853,1,1,https://t.co/DHRrXuNIgI
3854,1,1,winning!!
3855,1,1,https://t.co/KCrkXrRMze
3856,1,1,https://t.co/DlUT0eVWeT
3857,1,1,https://t.co/EdNB6bJqIV
3858,1,150,told
3859,1,1,https://t.co/vKqHQqdQmf
3860,1,1,https://t.co/nit21KXwcM
3861,1,1,https://t.co/xKgIR5Melw
3862,1,150,now!
3863,1,1,https://t.co/0gKBVlQlpT
3864,1,1,https://t.co/axz0D7Wf93
3865,1,1,https://t.co/Ukyc3xjYqg
3866,1,1,https://t.co/V4hw5CD0Fw
3867,1,1,https://t.co/ceuEJD73le
3868,1,1,https://t.co/daacGNqRHb
3869,1,1,https://t.co/tOrZMmPL7N
3870,1,1,https://t.co/P7Sjxl5qPQ
3871,1,151,is
3872,1,1,https://t.co/RpQUWbOq32
3873,1,1,https://t.co/1pecIKzmzu
3874,1,1,https://t.co/9KEnEjVprl
3875,1,1,https://t.co/ddITgTfp0V
3876,1,1,https://t.co/QK8Horc8c4
3877,1,1,https://t.co/xRGWDB3ecu
3878,1,1,https://t.co/W2SsfGWPmj
3879,1,1,https://t.co/oJQ13nB7xy
3880,1,1,https://t.co/ueggqcbx1c
3881,1,1,https://t.co/EF0OAqKO8O
3882,1,1,https://t.co/kCDeB5Rm1y
3883,1,1,https://t.co/9mR1pAk1Tw
3884,1,1,https://t.co/E7OtnV4pfu
3885,1,299,I
3886,1,1,https://t.co/6fWdIgl8ea
3887,1,150,who
3888,1,1,https://t.co/7IV6m8XM72
3889,1,150,Cast
3890,1,1,#IvoteTrump
3891,1,1,https://t.co/TDhUW8B0hE
3892,1,1,https://t.co/u6OZGoahGg
3893,1,1,https://t.co/sLaMLLU2Vt
3894,1,1,https://t.co/PQjqyd2Z8J
3895,1,1,https://t.co/8wvPbIpuNh
3896,1,1,https://t.co/XgCvx9AON0
3897,1,1,https://t.co/8HGJX06n6z
3898,1,1,https://t.co/qjTDSAPmdY
3899,1,1,https://t.co/PVaYVEz3Hp
3900,1,1,https://t.co/dDOd90KmTo
3901,1,1,https://t.co/pOq8vvYjCB
3902,1,1,https://t.co/ZR8LuYzm8L
3903,1,1,https://t.co/xfxe8izSH1
3904,1,1,https://t.co/C9q2FNhVnY
3905,1,1,https://t.co/0womkTeLjx
3906,1,1,https://t.co/LTclgl2F63
3907,1,1,https://t.co/36vvU3Yrqa
