,Cluster,Count,User
0,0,1,_NieeYoung
1,0,1,carvajalinoc
2,0,1,TahyunWeed
3,0,1,jessonnnnn
4,0,1,Lestosterone
5,0,1,Erin_Tommy
6,0,1,tlyncreative
7,0,1,MsAngelicaMaria
8,0,1,Bspectacled
9,0,1,badgirllaurlaur
10,0,1,RobNels81686895
11,0,1,gaylehazzard
12,0,1,Angela_Lizabeth
13,0,1,mohammeddki8852
14,0,1,glomarfoxx
15,0,1,DanielTec
16,0,1,fennn
17,0,1,Lentilhaz
18,0,1,MarissaNM
19,0,1,andreamesha
20,0,1,favourafolabi
21,0,1,rahadulalam
22,0,1,Influencersyout
23,0,1,laurD
24,0,1,JCSalazar
25,0,1,LKCardoso
26,0,1,Chasing_vodka
27,0,1,RobertBukszar
28,0,1,stevensantos
29,0,1,IeatMangos
30,0,1,Ronnie_Peace
31,0,1,pfraancis
32,0,1,ydavey
33,0,1,marionconie
34,0,1,piggy_chopps
35,0,1,tarrgaryenjon
36,0,1,socialgnmedia
37,0,1,melf_bella
38,0,1,TheScream666
39,0,1,Zohara_Suhail
40,0,1,Yolo_diez
41,0,1,Detikpolitic
42,0,1,nofeeslender
43,0,1,wendeeLove
44,0,1,DesignerFash
45,0,1,filmdispenser
46,0,1,sopopartindeed
47,0,1,EChanceKeenan
48,0,1,Mooka219
49,0,1,preownedmobile
50,0,1,decider
51,0,1,919SeaFM
52,0,1,jcksnjhn
53,0,1,alex_loupe
54,0,2,KurtLara25
55,0,1,patysguevara
56,0,1,BigGuzz
57,0,1,rachael910
58,0,2,hippiechickjh
59,0,1,Juancruzdimaio
60,0,1,nelly_singslala
61,0,1,Perlapdls
62,0,1,MarketingInvent
63,0,1,JerrisonOracion
64,0,1,AttilaGenia
65,0,1,AndreaLDRB
66,0,1,AlexCiccarone
67,0,1,SaidoJama
68,0,1,GAFan8
69,0,1,YASSEMBLE
70,0,1,MsEvelynJess
71,0,1,markxxmesa
72,0,1,emaritraffie
73,0,1,KelsGuthrie
74,0,1,Lokcrezia
75,0,1,JBM_Marketing
76,0,1,Jacsqueeze
77,0,1,AriannaCortez
78,0,1,5bubles
79,0,1,SCILAALEX
80,0,1,Starfruit_gurl
81,0,1,HalloweenBlues
82,0,1,runnerogers
83,0,2,OKMiddleEast
84,0,1,duran1285
85,0,2,STERLINGMHOLMES
86,0,1,Faridppdp
87,0,1,jkmvn
88,0,1,newslarts
89,0,1,pmgop
90,0,1,sweeteepie4ever
91,0,1,Modzziez
92,0,1,DerekManning28
93,0,1,MysteryChuck1
94,0,1,AldubInFreo
95,0,1,Artist_9785
96,0,2,KlaroCious
97,0,1,mokarimstar
98,0,1,itsamystery23
99,0,1,freycamila
100,0,1,DinuMondal
101,0,1,VJahV
102,0,1,elizabeth_berg_
103,0,1,GlassPearl
104,0,1,HelenaR3
105,0,1,HelloCanada
106,0,1,CheriStories
107,0,1,amoiscool
108,0,1,tamondongalexa
109,0,1,millapeslo
110,0,1,D8N_Barb
111,0,1,RamiaHady
112,0,1,MissFoxyQueenx
113,0,2,bigge3021
114,0,1,CV00
115,0,1,emmaclork
116,0,1,CapitolRecords
117,0,1,obsessedclone
118,0,1,HollywoodCiak
119,0,1,kisswhileyoung
120,0,1,emmarocks
121,0,1,h2omelonhead
122,0,1,briantruitt
123,0,1,HatimNY
124,0,1,VitruvianMonkey
125,0,1,dirtry
126,0,1,purdy44
127,0,1,MRCNetworks
128,0,1,lburns7
129,0,1,k8ie14
130,0,1,andrealescanok
131,0,1,mrobotBRA
132,0,1,thtswhatsamsaid
133,0,1,clicktipu24
134,0,1,GiselaL2
135,0,1,fire_and__blood
136,0,1,debrapalermo
137,0,1,Carfan03
138,0,1,mizhollywd
139,0,1,r_2yx
140,0,1,honestylove777
141,0,1,AnnikaMichelle1
142,0,1,ChasingDavies
143,0,1,chillphil2
144,0,1,marlaa
145,0,1,sehonity
146,0,1,rvtswendy
147,0,1,MelissaHLeon
148,0,1,jeffjadams
149,0,1,ALauraJames
150,0,1,SamKrish_
151,0,1,SpotlightReport
152,0,1,ruach13
153,0,1,kennbutler
154,0,1,katielmortimer
155,0,1,DayDiMaggio
156,0,1,MichelleInCAL
157,0,1,ShibyShila
158,0,1,canadanews5
159,0,1,berfinncobann
160,0,1,Kris_HudsonS
161,0,1,skywalkersglow
162,0,1,klanderson80
163,0,1,AmyLaurel
164,0,1,Mannyotiko
165,0,1,MandiieeTS13
166,0,1,rogueacademic
167,0,1,twebb2232
168,0,1,opaester
169,0,1,kreshjun
170,0,1,girafamarela
171,0,1,VioletFlash1999
172,0,1,TrenIDN
173,0,1,TelevisionAcad
174,0,1,Showbiz_IT
175,0,1,MichaelOrton
176,0,1,exSuperman
177,0,3,SmithMediaNY
178,0,1,AlexSarenz
179,0,1,Hanan_AAKARIM
180,0,1,VJPhoenix
181,0,2,RukanNur
182,0,1,Radio_J_S
183,0,2,LebbosBarbara
184,0,1,ProfInvproduct
185,0,1,LindsOnFire
186,0,1,Chrisha_DWGrrl
187,0,1,Swtnsimple
188,0,1,A_Silvers
189,0,1,fashion7thave
190,0,1,klm001
191,0,1,sirwindley
192,1,1,LWarir
193,1,1,MarkoDjuric25
194,1,1,eusoustef
195,1,1,mxdukuzimana
196,1,1,migasualoukah
197,1,1,omarojascr
198,1,1,shaunlysen
199,1,1,whitgetitwhit
200,1,1,gamrofthones
201,1,1,madhulikasikka
202,1,1,melissamcbrid
203,1,1,tommocatchorra
204,1,1,CarlosGn92
205,1,1,RealDIVASrLARGE
206,1,1,xheroesbydesign
207,1,1,gabrielampx
208,1,1,TahyunWeed
209,1,1,trouxanossauros
210,1,1,jspulley
211,1,1,bpulsetech
212,1,1,J0Xpo
213,1,1,nosensecabello
214,1,1,woodyjp56
215,1,1,teddiginsberg
216,1,1,supertronicgirl
217,1,1,amanda_lucile
218,1,1,ofVerona
219,1,1,FelipeRossi4
220,1,1,StellarSolvers
221,1,1,susewithhernews
222,1,1,lena_rocha2
223,1,1,duabanks
224,1,1,perfilijshhuki1
225,1,1,mariannachavez9
226,1,1,CricketArt67
227,1,1,aqmaraziz
228,1,1,cheyy_b
229,1,1,aboleyn
230,1,1,chelz_R2P
231,1,1,Lesly_Tarira
232,1,1,nayaljoraan
233,1,1,cashbacktime
234,1,1,VoislavPopov
235,1,1,larose717
236,1,1,pinkmanesque
237,1,1,Breitlingmax
238,1,1,LuisGrimaldi3
239,1,1,annaLan24
240,1,1,maestroveterano
241,1,1,dancindanonfilm
242,1,1,skywalkerskylo
243,1,1,Brownin1920
244,1,1,Zoey174
245,1,1,lookitstaylorrr
246,1,1,DonStephenOng
247,1,1,FireToTheMoon
248,1,1,ComstockRoyalty
249,1,1,LabastidaMarilu
250,1,1,rsimonele
251,1,1,CeeAkachi
252,1,1,XianCaudillo
253,1,1,selenachartsbr
254,1,1,elizabethpegues
255,1,1,therealdreese
256,1,1,CScottMO
257,1,1,leahmockingjay
258,1,1,QAccessGlobal
259,1,1,caserasure
260,1,1,__shay
261,1,1,timflynn812
262,1,1,justhazman
263,1,2,FlappingTrump
264,1,1,javvoice
265,1,1,scrapbook_gal75
266,1,1,RobertJohnDavi
267,1,1,marleeizm
268,1,1,isamuelwayne
269,1,1,gooztremendo
270,1,1,Nueza
271,1,1,TheFashionCourt
272,1,1,notevenloaded
273,1,1,AldubInFreo
274,1,1,M__Painter
275,1,1,AlyLev
276,1,1,TomasCove
277,1,1,anelizesouzaa
278,1,1,pauvalg
279,1,1,NewsRepublic_IN
280,1,1,mkyc_
281,1,1,JosepeandreHb
282,1,1,desenvolTec
283,1,1,infoharmo
284,1,1,_Zrisha
285,1,1,celeste522
286,1,1,i_destiny
287,1,1,JoseZeta_
288,1,1,GrannyBern14
289,1,1,stelIagibsson
290,1,1,askadella
291,1,1,thesurfreport
292,1,1,Farva1996
293,1,1,arizonaonmymind
294,1,1,SANS4STARK
295,1,1,CalvinHNation
296,1,1,snurfel101
297,1,1,pettyintrigues
298,1,1,forgileteira
299,1,1,2Latina
300,1,1,DAVIDCARROLL3
301,1,1,AguSayavedra00
302,1,1,narnializando
303,1,1,SeeJulius
304,1,1,hokumoros
305,1,1,stl_mel
306,1,1,ellotalderson
307,1,1,romi_18ro
308,1,1,cyrustripper
309,1,1,TryingPeopleTX
310,1,1,MaryEspinozaH
311,1,1,ollglee
312,1,1,annerein
313,1,1,Massilon_J
314,1,1,livcaruso
315,1,1,KyleWaltonMaine
316,1,2,CaliforniaFash
317,1,1,1berto_almeida
318,1,1,TrendTopicsLa
319,1,1,selenaxps
320,1,1,sansalives
321,1,1,kyaratze
322,1,1,andreiabaarbosa
323,1,1,theonetruebix
324,1,1,dianalytkina1
325,1,1,aspi2135
326,1,1,sarah_gracy
327,1,1,ThePickAndRoll
328,1,1,GiovannaCarbone
329,1,1,omelete
330,1,1,MumbachKay29
331,1,1,ibalexandrab
332,1,1,ItsDaveRispoli
333,1,1,MikeyOs_
334,1,1,danielaganoza
335,1,1,bxbyvit
336,1,1,SweetSarfati
337,1,1,scienceswonder
338,1,1,Ericah_S
339,1,1,ChriztianFlavio
340,1,1,absalist
341,1,1,esteesprada
342,1,1,alllysus
343,1,1,ChrisBernini
344,1,2,gemstarpolo
345,1,1,on_thereels
346,1,1,tonfenty
347,1,1,shirleygravela
348,1,1,alezee875
349,1,1,yand2s
350,1,1,fangirl_es
351,1,1,ChrisBeyer62
352,1,1,jabrronyy
353,1,1,WiseHarvey
354,1,2,TheMaxGuevara
355,1,1,TotallyTorified
356,1,1,RosinhaTricolor
357,1,1,Dalala_alfahad
358,1,1,sitepreviamente
359,1,1,JodyMeejo
360,1,1,PopCultureMarcJ
361,1,1,gailtalk
362,1,1,GSusanJones
363,1,1,djinisinabottle
364,1,1,DEEDOLLAR
365,1,1,fabraymuffin
366,1,1,larisolar
367,1,3,ProfInvproduct
368,1,1,oanabeee
369,1,1,ReichDMES
370,1,1,VivihKoch
371,1,1,JeremyR86
372,1,1,RVerdady
373,1,1,aliciaafb
374,1,1,ckalu
375,1,1,lateonya
376,1,1,ohbabzzz
377,1,2,wegetnews
378,1,2,23alinha1
379,1,1,pieldangel7
380,1,1,portavoztabasco
381,1,1,AnitaJAlvarez
382,1,1,CristineTh4
383,1,1,ThomWise
384,1,2,TezzyWap
385,1,1,kimcavalcantti
386,1,1,RotenCrystal
387,1,1,elizabethponzi
388,1,1,EBriggsAssoc
389,1,1,rommelrg_30
390,1,1,BrenRozen
391,1,1,ManOnTheMoonPGH
392,1,1,_Colb24_
393,1,1,childrezn
394,1,1,oh_andreah
395,1,1,larrybiebrx
396,1,1,alexalcivarm
397,1,1,qro_umboy
398,1,1,SirJadejaaaa
399,1,1,FABIANtortugas
400,1,1,CincyWatchdog
401,1,1,tombeiseries
402,1,1,elyhannigan
403,1,1,Supportdesk
404,1,1,1TonyRoss
405,1,1,ximenacam96
406,1,1,doug_silverman
407,1,2,WindiWorldDaily
408,1,1,accesshollywood
409,1,1,diegoquaglia2
410,1,1,ColinMakenzie
411,1,1,OddEddie
412,1,1,forumpan
413,1,1,AndryPresh
414,1,1,feIpys
415,1,1,dustinseIeven
416,1,1,DamnItJannet_
417,1,2,DesignerFash
418,1,1,obsesiIvia
419,1,1,JonConsRedBeard
420,1,1,DanielSegnini
421,1,1,NarrendraM
422,1,1,Mckennamattic
423,1,1,seIinazkyIe
424,1,1,DianaDdlziegler
425,1,1,soulfulshay
426,1,1,perry_sharon_
427,1,1,thainastewart
428,1,1,justsayjes1
429,1,1,dorofeevaevlam5
430,1,1,DanaDangyDang
431,1,1,bamacollector
432,1,1,PMLynn
433,1,1,BlammaLamma5
434,1,2,nSquib
435,1,1,nikowl
436,1,1,Laurasenio
437,1,1,KristynBurtt
438,1,1,zman30brave
439,1,1,_shinobipam
440,1,1,roughliterature
441,1,1,_angu5
442,1,1,BestSeanR
443,1,2,RoseParamore2
444,1,1,VJahV
445,1,1,MaddieRegent
446,1,1,italia_tt
447,1,1,ANAILAHT
448,1,1,wafflesonair21
449,1,1,CanelitaRM
450,1,1,sisb_omnipeople
451,1,1,moua_xou
452,1,1,RickFroisIsHere
453,1,2,Albert1027
454,1,1,MissyGoody9
455,1,1,joelmchale
456,1,1,P1Domo
457,1,1,usatodaylife
458,1,1,JOY_Magazine
459,1,1,Tjryann
460,1,1,kingb_1love
461,1,1,trueviralnews
462,1,1,hanieagstn_
463,1,1,hipstermattt
464,1,1,Angy_Vivas
465,1,1,gabszzzzzz
466,1,1,morrisonssmile
467,1,1,JeanPodrasky
468,1,1,EW
469,1,1,outterdark
470,1,1,vanedinardo
471,1,1,AyeArico
472,1,1,RuthOhanu
473,1,1,GEORGE_ANTONI
474,1,1,cfnchng
475,1,1,njt_55
476,1,13,newslarts
477,1,1,LucaIdek
478,1,1,estradajoe
479,1,1,MegCarpenter
480,1,1,lovatornah
481,1,1,SoberKelpy
482,1,1,mdjperez
483,1,1,sallesbianca
484,1,1,SPACEZADDYJULEZ
485,1,1,Natalia_puente3
486,1,1,TuitDato
487,1,1,ashleyalbrizio
488,1,2,Modus_Operand_
489,1,1,ClaireGanshert
490,1,1,kdubrn
491,1,1,stfumarie
492,1,1,Tupperwar_sales
493,1,2,pinkawijaya
494,1,1,El_Universal_Mx
495,1,1,KazShabaz
496,1,1,PatriciaLovee__
497,1,1,bosscranked
498,1,1,stuckondapuzzle
499,1,1,TrendTopicsMex
500,1,1,uvrork
501,1,1,NITHISH_KG
502,1,1,munikmutirao
503,1,1,FawazBaqer
504,1,1,Jbrous14
505,1,2,Zamalisa
506,1,1,vvvrmooosh30
507,1,1,medavinci
508,1,1,GenieBee3
509,1,1,PatyRestrepo
510,1,1,breeezyf_
511,1,1,Dananas93
512,1,1,dysfashional
513,1,1,amalfal
514,1,1,JaiTee_
515,1,1,AmPowerBlog
516,1,1,lepetitmanchot
517,1,1,ArribaMiGente21
518,1,1,iChrisWood
519,1,1,oribenforonda
520,1,1,GenesisBri
521,1,1,bobbychaconjr1
522,1,1,un23known
523,1,1,JannahJabri
524,1,2,CelebFash365
525,1,1,rachelquigs
526,1,1,Kaptainkewl
527,1,1,hwgoarts
528,1,1,JeremyPatrick
529,1,1,pmcbbwb
530,1,1,ReverbThaRapper
531,1,1,AgentSpiderMan
532,1,1,patitis0
533,1,1,jules_inthecity
534,1,1,euheinmilla
535,1,1,monikayoriana
536,1,1,tonidelatorre
537,1,1,victorjhd
538,1,1,Jeen_san
539,1,1,schnauzer09
540,1,1,jeffdeguia_
541,1,1,MegAnimex3
542,1,1,medlife6
543,1,1,TelevisionAcad
544,1,1,maniigang
545,1,1,befading
546,1,1,IchNir
547,1,1,harigtweets
548,1,1,B3nnylov3
549,1,1,XxBruCardoso
550,1,1,cwaxler
551,1,1,nod9m
552,1,1,juravlevpankrat
553,1,1,kurdt___
554,1,1,avinavneer
555,1,1,hachiemachie
556,1,1,NoeSucetti
557,1,1,ConorGorman001
558,1,1,looydd
559,1,1,luwalnoticias
560,1,1,Anzhakutain
561,1,1,EmmaPetersen11
562,1,1,dayfelicio
563,1,3,exSuperman
564,1,1,williamdober
565,1,1,glamtaint
566,1,1,Unsolvedcase_
567,1,1,samuell192
568,1,1,StylinOnYu
569,1,1,MySongHAIM
570,1,1,Imayed
571,1,1,DiarioElPeruano
572,1,1,Stefaniya
573,1,1,gentemural
574,1,1,Ese_Nico
575,1,1,neighbourobot
576,1,1,Mem80s_
577,1,1,Brookies2398
578,1,1,JolietJake420
579,1,1,mamibear04
580,1,1,JessicaSiler
581,1,5,todgecrain
582,1,1,vasanervosa
583,1,1,droples34
584,1,1,SorahLencinas
585,1,1,LexLeChef
586,1,1,loridowney3
587,1,1,allegrawagner
588,1,1,SmithAPalooza
589,1,1,ma7ee4
590,1,1,MaL8eetAsm
591,1,1,trippintana
592,1,1,jonygitar
593,1,1,jao_5
594,1,1,_VioletLight_
595,1,2,don_benner
596,1,1,scoutriver
597,1,1,lovatowlied
598,1,1,DavieCFGN
599,1,1,RainyRhythm27
600,1,1,ferdoooooos
601,1,1,lisadoflop
602,1,1,HOHH101
603,1,1,JaysGirlEmily
604,1,1,shepherdrogado
605,1,1,dunnitall2008
606,1,1,JulietaRo
607,1,1,JMOREY1
608,1,1,ChiaraCaporossi
609,1,2,JustSayn2000
610,1,1,Laura__Leiva
611,1,1,iCuddleTaehyung
612,1,1,HutchFTS
613,1,1,laysazanetti
614,1,1,TheScream666
615,1,1,amorzinbieber
616,1,1,TheJessicaPham
617,1,1,AimePatrizia
618,1,1,JoshNoneYaBiz
619,1,1,wagnermarcall
620,1,1,raintes
621,1,1,Productorcr
622,1,1,raindogtweets
623,1,1,dinastavola
624,1,1,dailyNewsVzla
625,1,1,saucy_sarahb
626,1,1,LeidyK3
627,1,1,NoticieroArg
628,1,1,PabloHidalgo_19
629,1,1,egosumquisum9
630,1,1,jnbetancourt
631,1,1,kaitmackinnon
632,1,1,Heerni
633,1,1,mattrushing02
634,1,1,aerynsunx
635,1,1,dvfalcone
636,1,1,atrapallyada
637,1,1,Chuck_Normis
638,1,1,gmdsniper11
639,1,1,ashleeholla
640,1,1,jlwtcher
641,1,1,george_0412
642,1,1,savannahjewel_
643,1,1,Paggynini
644,1,1,porloslentesdew
645,1,1,brievikander
646,1,1,yungbonez5
647,1,2,raider_truth
648,1,1,Joveezyy
649,1,1,tech_journal
650,1,1,LordZexySwami
651,1,1,my_freakyworld
652,1,1,sadies0says
653,1,1,BadDaavid
654,1,1,JaphMarcos
655,1,1,OxalaiaArias
656,1,1,mizmulligan
657,1,1,kwan9i
658,1,1,BradLindenSoCal
659,1,1,winchesrters
660,1,1,cartoonxish
661,1,1,medyanozorg
662,1,1,jaimelcnnister
663,1,1,watchmeflysolo
664,1,1,rosealmadi
665,1,1,AdamCGoering
666,1,1,shaherawr
667,1,1,hohlovmakar
668,1,1,gaydaysLA
669,1,1,PennLive
670,1,1,ebromorrison
671,1,1,glendascosta
672,1,1,_nrshakinah
673,1,1,kohilaaaa
674,1,1,eusouandersonn
675,1,1,Frrtgh1Frrtgh
676,1,1,vshaxox
677,1,1,adrianasalb
678,1,1,LiveLikeRomeo
679,1,1,amarantalila
680,1,1,iamagusmonti
681,1,1,Whease
682,1,1,payshh
683,1,1,CanuckMomCgy
684,1,1,mexicoxsegundo
685,1,1,mathcarsi
686,1,1,zycer9
687,1,1,kawaii
688,1,1,Lucas_konopka
689,1,1,AliaSobrepena
690,1,1,MiaMJennings
691,1,1,tyfertf
692,1,1,JoJo_LuvsDet
693,1,1,NotOne2bPC
694,1,1,IwasOutofNames
695,1,1,ryanaber
696,1,1,kingrolahh
697,1,1,cerseiqueen
698,1,1,aBjBN7ir
699,1,1,NoCaptainErick
700,1,1,Refinery29
701,1,1,les111280
702,1,2,revivwlgmz
703,1,1,carol_almeida__
704,1,1,IndieWire
705,1,1,Tark31
706,1,1,BrunoPinasco
707,1,1,MurilloLoya
708,1,1,CarlunchoSaliok
709,1,1,skyewolfe_clan
710,1,1,melaninbarbie
711,1,1,JAntoniio
712,1,1,MissWilliamsArg
713,1,1,yaramsantoos
714,1,1,metadekubrick
715,1,1,GikaColfer
716,1,1,John_Justice321
717,1,1,michhcruz_
718,1,1,lerriestyle
719,1,1,nawakoheis
720,1,1,ahmad_alsawatt
721,1,1,iSuperos
722,1,1,AVanHeusden15
723,1,1,mbethlindsey
724,1,1,XenTo_
725,1,1,patatadesillon
726,1,1,GFTheMovie
727,1,1,MizzYari_
728,1,1,DPD_
729,1,1,loudstm
730,1,1,MO7HM_
731,1,1,TheRogue1633
732,1,1,UpbeatFriday
733,1,1,SolArce_
734,1,1,KatyGarfias
735,1,1,leelii92
736,1,1,HuffPostCanada
737,1,1,TrendTopicsEsp
738,1,1,4Ever_Anastasia
739,1,1,mattyandlana
740,1,1,reformagente
741,1,1,Ferchu4887
742,1,1,Dayanefff
743,1,1,HuffPostCaLiv
744,1,1,ball_hog
745,1,1,KalenAllenTPC
746,1,1,darineacardoso
747,1,1,lisaqo
748,1,1,SofiiS99
749,1,1,Trendkill006
750,1,1,TameeTime
751,1,1,interacao_
752,1,1,mickecloud
753,1,1,LinkarioxD
754,1,1,fookinname
755,1,1,NotTerrence
756,1,1,Alil_Bit_Wicked
757,1,1,poxamarcelooo
758,1,1,RWouldhouse
759,1,1,toshantos
760,1,1,fer_ns112
761,1,1,PColasse
762,1,1,janedyosa
763,1,1,pinnie99
764,1,1,patricia_nahon
765,1,1,Inovarei
766,1,1,Taylorrmooorgan
767,1,1,whodafvckisnate
768,1,1,unicornialauren
769,1,1,PopRag
770,1,1,SusanLopes2
771,1,1,Lo_Tunechi
772,1,2,RobNels81686895
773,1,1,yanjaemoto
774,1,1,Agencia_Andina
775,1,1,latrixalicious
776,1,1,ronald_esp
777,1,1,TabascoHOY
778,1,1,TVOtrisha
779,1,1,raghdah_k
780,1,1,OJFLOCCA
781,1,1,PamMyersMorgan
782,1,1,mishzcollins
783,1,1,hotgrey
784,1,1,pequenocaramelo
785,1,1,tvesries
786,1,1,lehea1212
787,1,1,giovanna_rms
788,1,1,si_tavares19
789,1,1,ggrezende
790,1,1,rezickaverthan
791,1,1,7meeza
792,1,1,TrendTopicsUSA
793,1,1,Ruthiemarieee_
794,1,2,gameofcap
795,1,1,gagatocheek
796,1,1,heaneris
797,1,1,JotaC_95
798,1,1,amaandathais
799,1,1,clairerushh
800,1,1,mikin_ha
801,1,1,stefiemhaldita
802,1,1,tjc05
803,1,1,wakeupjonasuy
804,1,1,GeauxBEAUTIFULL
805,1,1,eatingyonce
806,1,1,Live_Beautiful
807,1,1,KayTayy95
808,1,1,Haseeb5551
809,1,1,bucksbrnes
810,1,1,YesMomCanDoIt
811,1,1,SavvyAunty
812,1,1,shonterenee
813,1,1,slayvigne
814,1,1,DinuMondal
815,1,1,WatchersOTWall
816,1,1,JTHedley
817,1,1,gamofphoto
818,1,1,StyleWatchMag
819,1,1,RogueGinny
820,1,1,vicuamo
821,1,1,io2us
822,1,1,ShoebAyubi
823,1,1,JulienFarel
824,1,2,ShoeFashionForU
825,1,1,melodysimpson
826,1,1,flightlessnerd
827,1,1,tdabes
828,1,2,expurgada
829,1,1,dawngpsalm63
830,1,1,hs_jim
831,1,1,AnabelaLeydi
832,1,1,Romain_Ch
833,1,1,DmSpotflix
834,1,1,blesstgirl
835,1,1,MariahDinda
836,1,1,NCRSilver
837,1,1,SeriesNews_Ar
838,1,1,giumorcillo
839,1,1,McCall621
840,1,1,usweekly
841,1,1,kelcsal
842,1,1,rh1_16
843,1,1,ABADE_gably
844,1,1,Estadao
845,1,1,Savonaut
846,1,1,HanoufAlosaimi_
847,1,1,_dearsavannah
848,1,1,i_am_a_contra
849,1,1,MiriYum
850,1,1,JeanSanaro
851,1,1,besua_nguyen
852,1,1,AlmutairiMishaI
853,1,5,KurtLara25
854,1,1,ShadowhuntersBR
855,1,1,MissFoxyQueenx
856,1,1,marfasmirnova89
857,1,1,correaf88
858,1,1,Hiddlesbunnies
859,1,1,ballyn
860,1,1,looly_cule
861,1,1,erikzamudio
862,1,1,cmmcarol
863,1,1,MagallanesEric
864,1,1,noahvirgerror
865,1,1,WriterWarrior
866,1,1,joshIersdead
867,1,1,OlitzDemons
868,1,1,karevanatomys
869,1,1,luizpasdar
870,1,1,3z0z96
871,1,1,TheScarbro
872,1,1,pquaife
873,1,1,Lex_Drive
874,1,1,_AnaMaia
875,1,1,rapadura
876,1,1,N3LTI
877,1,1,CountOnVic
878,1,1,summeredwell
879,1,1,_Babynefertiti
880,1,1,MayoandKetchup
881,1,1,xxrootz
882,1,1,CanadaCandyman
883,1,1,4jk0
884,1,1,KC_in_NYC
885,1,1,txicabs
886,1,1,theRealFlappyTr
887,1,1,MicheBella
888,1,1,MihirMisra_
889,1,1,kyane
890,1,1,adri_csmall
891,1,1,_Aesthetixx
892,1,1,srzstnn
893,1,1,lifejacket4tink
894,1,1,livedelena
895,1,1,TrivWorks
896,1,1,vvvrmooosh4
897,1,1,hazelabyss
898,1,1,deyveon_carter
899,1,1,ch_fungus
900,1,1,thepointsguy
901,1,1,SamuraiLisa
902,1,1,RaVEns_mERe
903,1,1,DiegoStefano_RM
904,1,1,avr1231
905,1,1,kooksfavgirl
906,1,1,hshtgtsg
907,1,1,myrewiwal
908,1,1,Khaleesi_Dracar
909,1,1,_IamAlessandra
910,1,1,dieggen121
911,1,2,jw79bull
912,1,1,HilaryClintin
913,1,1,BittenHand19
914,1,1,TrumpPence2020
915,1,1,wmyzayn
916,1,1,scruffskarth
917,1,1,AmandaCarpere
918,1,1,cruelworld91
919,1,1,gilinsconha
920,1,1,thaislizseth
921,1,1,jozrua
922,1,1,edwin_1cruz
923,1,1,Niroj03
924,1,1,__JoaoFaria
925,1,1,Sharksbait5300
926,1,1,jannagummo
927,1,2,_NinJaNae_
928,1,1,xdarkholme
929,1,1,yuanbowo
930,1,1,elisazied
931,1,1,mrspinchbeck
932,1,1,snwann
933,1,1,nathaliexandre
934,1,1,blarifaisi
935,1,1,_AllThatJaz
936,1,1,thejbreckless
937,1,1,yourstrulry
938,1,1,mikesamonek
939,1,1,ALDERSONDEBNAM
