,Cluster,Count,User
0,0,1,anissacalma_
1,0,1,LovesVag
2,0,1,dstuf
3,0,1,fakelisadeng
4,0,1,Shaqtin_A_F00L
5,0,1,clare_witchbaby
6,0,1,MrMartir
7,0,1,DavidClawson2
8,0,1,DenialBroskian
9,0,1,lovelygaelle
10,0,1,elbrigaciagar
11,0,1,MattShaklee
12,0,1,Xenomorphism
13,0,1,ThinkerCap7
14,0,1,jeffreynola
15,0,1,sssanilecc
16,0,1,redphotoco_beck
17,0,1,BorisAlatovkrap
18,0,1,kimjongrussel
19,0,1,dunmotel
20,0,1,jt_b92
21,0,1,VoteBeebe
22,0,1,nestormotojr
23,0,1,Ccoy90
24,0,1,ixtumea
25,0,1,deltoro01
26,0,1,sarinagamz
27,0,1,phaxyn
28,0,1,readernoir
29,0,1,ridlehoover
30,0,1,TareyFairy
31,0,1,janecfritz
32,0,1,sstephenwill
33,0,1,melmsie
34,0,1,HoldingCoPhoto
35,0,1,32Heatha32
36,0,1,KathyMKelly631
37,0,1,PlayerP44
38,0,1,masg66
39,0,1,StillBernin
40,0,1,ConanWhatIsBad
41,0,1,Vanessaa615
42,0,1,Pibe_G
43,0,1,Agent_Orange76
44,0,1,HeathMarlboro
45,0,1,existingvoid
46,0,1,PoliticalHubNow
47,0,1,rayanramin
48,0,1,monetmochan
49,0,1,toppscards
50,0,1,noahssmomma
51,0,1,TikiTakaYankAM
52,0,1,realmariamiller
53,0,1,OliverHackett
54,0,1,fire4yahweh
55,0,1,joshames
56,0,1,BEWHallend
57,0,1,tjjseger
58,0,1,capricecorbett
59,0,1,TheRiverWanders
60,0,1,HariLi
61,0,1,joeeostrode
62,0,1,a_faulds9615
63,0,1,pink_cadillac
64,0,1,Phat_Kid250
65,0,1,Lagartman_
66,0,1,gorgaf
67,0,1,UnaffiliatedPrt
68,0,1,HilaryBeaumont
69,0,1,LitsaDremousis
70,0,1,thebmacattack
71,0,1,johndavidoc
72,0,1,pitts_88
73,0,1,powermeans
74,0,1,SuperTeeWhy
75,0,1,jfusco11
76,0,1,evanholod
77,0,1,siliconvalleyex
78,0,1,BoleyGo
79,0,1,KathleeeenBean
80,0,1,VeganJulez
81,0,1,sportsterchic
82,0,1,only4bernie16
83,0,1,blewis1103
84,0,1,QueenBee_71
85,0,1,OrangeScarab
86,0,1,razjah
87,0,1,PLYMOUTH_NEWS_C
88,0,1,eraufly
89,0,1,leokamis
90,0,1,moni_robby
91,0,1,LKinsaul
92,0,1,VinBioDiesel
93,0,1,ByrdMan1328
94,0,1,Shop_OwnerMark
95,0,1,MrVonklopp
96,0,1,ChannelGuideKF
97,0,1,EmFoucault
98,0,1,nocrad
99,0,1,dmoron
100,0,1,kohlweiler
101,0,1,SchubertDr
102,0,1,TexasRegina
103,0,1,SluggerMom21
104,0,1,Sanchez1Das
105,0,1,cliffhangernlv
106,0,1,Mandimichaels
107,0,1,BiilyRedacted
108,0,1,VivaLaAmes
109,0,1,GailFromCT
110,0,1,23sOnDeck
111,0,1,Rosanmers
112,0,1,takiyahl
113,0,1,holapun
114,0,1,sergio_bascunan
115,0,1,RobCasapulla
116,0,1,wills7577
117,0,1,SheJusCallMePOE
118,0,1,Seadenizen
119,0,1,BigEdO52
120,0,1,ProgressNowNM
121,0,1,GirlCommentator
122,0,1,SovereignFeral
123,0,1,KF2008
124,0,1,zoemarklyon
125,0,1,MoniqueArolia
126,0,1,BernieTheBest1
127,0,1,tuckerI84
128,0,1,matheustalles
129,0,1,MissSuccess
130,0,1,mippadvocates
131,0,1,SteveDashOh
132,0,1,NoraHassan919
133,0,1,divasdramaturg
134,0,1,conservative83
135,0,1,Colleen88249371
136,0,1,kansas4johnson
137,0,1,COMPAcdrdelago
138,0,1,MarilynBennett1
139,0,1,LaraeBaby18
140,0,1,BJ_Roche
141,0,1,ed_hooley
142,0,1,Rad_REAPER71
143,0,1,sacca
144,0,1,kaekae2005
145,0,1,BP_Young_Era
146,0,1,_cockjuring
147,0,1,bellamaria777
148,0,1,Zemindar1
149,0,1,kylejson
150,0,1,zinkywinks
151,0,1,DCRobMan
152,0,1,Jub_XB1
153,0,1,ThisislikeBuffy
154,0,1,Roni_K_Patriot
155,0,1,Owlwriter16
156,0,1,WeezielouJ
157,0,1,BlackBillsGh
158,0,1,NJROnline
159,0,1,InspireNevada
160,0,1,thesavvy
161,0,1,bansidog
162,0,1,harleyb11
163,0,1,EllieNoVATea
164,0,1,livie_cher12345
165,0,1,abrown_wx
166,0,1,gogogadgetguy
167,0,1,diasporaafro_
168,0,1,Quebec_AM
169,0,1,buffaloscribe
170,0,1,DeloretaZarate
171,0,1,Glaz1965
172,0,1,hofthefields
173,0,1,MetaMinder
174,0,1,StephanieVela
175,0,1,CJWalters07
176,0,1,QueenOfRats
177,0,1,KahNita
178,0,1,americanrules76
179,0,2,USJeffersonianA
180,0,1,Billy_Badass_
181,0,1,MariaNYC
182,0,1,CalicoTC
183,0,1,melissawinters1
184,0,1,_opXpress
185,0,1,HopeAintChange
186,0,2,Perwein
187,0,1,robbiewinters
188,0,1,BRIANclt
189,0,1,azfury
190,0,1,ewengel
191,0,1,eric_mccorkle
192,0,1,JacLHope
193,0,1,jnwrotc
194,0,1,ReigleBill
195,0,1,relojdearena_TV
196,0,1,GrahamDLovell
197,0,1,MarkZeleznick
198,0,1,timmy_reca
199,0,1,StefanoPace5
200,0,1,itsmandanye
201,0,1,Regulator27
202,0,1,cucumber1emons
203,0,1,WVM91
204,0,1,wheelsee
205,0,1,ohhshiny
206,0,1,DaphneDoGood1
207,0,1,karenkavett
208,0,1,paulmcdky
209,0,1,MimiTheNYCGirl
210,0,1,RickMadd
211,0,1,bleigh6
212,0,1,teemcee
213,0,1,A_almatrafi_vip
214,0,1,jenn___danielle
215,0,1,coblos06
216,0,1,Hashim11
217,0,1,Daily_Pinch
218,0,1,anniejanko
219,0,1,dcsohl
220,0,1,PeleKoolAid
221,0,1,gnarlymari
222,0,1,BreeSoAmazin
223,0,1,2ArrowArcher
224,0,1,michaelcasey93
225,0,1,BrokenFiction
226,0,1,dawnferris332
227,0,1,JWORTH_
228,0,1,magzknowsbest
229,0,1,3boodi2016
230,0,1,WhoIsRyanShaw
231,0,1,Voter
232,0,1,micheleplus46
233,0,1,HarrisVivian
234,0,1,Sweetdivine81
235,0,1,WilverGaray18
236,0,2,TXIconoclast
237,0,1,bkbusy718
238,0,1,CarolWalden
239,0,1,ylove
240,0,1,Qiiku
241,0,1,lucaspedrosa29
242,0,1,ZulwiyozaPutra
243,0,1,JamesVilla
244,0,1,j_julius19
245,0,1,rexthetvterrier
246,0,1,kabyr
247,0,1,termi8withxtrm
248,0,1,leakingliberty
249,0,1,pinkarmy
250,0,1,erindisney
251,0,1,ThePerezHilton
252,0,1,lindsayhorejsi
253,0,1,EScourier
254,0,1,wuzupwidat
255,0,1,bluelighttv
256,0,1,SummerCampus_
257,0,1,pashionhodges
258,0,1,rodoxcd
259,0,1,Tosyneno
260,0,1,Haley4President
261,0,1,ColtSTaylor
262,0,1,VTrippel
263,0,1,HiAls
264,0,1,GrassrootsStein
265,0,1,970wfla
266,0,2,barbaramadiso10
267,0,1,thecourtjezter
268,0,1,GrnProgressive
269,0,1,ballingergomez
270,0,1,Mz_MOE_Baby
271,0,1,caesarologia
272,0,1,JNetemeyer
273,0,1,BjErichsen
274,0,1,BarcaLvpool
275,0,1,Steve_Games
276,0,1,PlayMusicGh
277,0,1,MarcyMurninghan
278,0,1,jessicadcowles
279,0,1,slanzanegger
280,0,1,carolreinoso
281,0,1,BinderBelle
282,0,1,Teboughtacular
283,0,1,4WorldDemocracy
284,0,1,IamMbusoZA
285,0,1,herschel_matan
286,0,1,seanspicer
287,0,1,1079thelink
288,0,1,jmcclurephoto
289,0,1,DoomsdaysCW
290,0,1,TheOtherBill2
291,0,1,katarina_813
292,0,1,johnasbury
293,0,1,AndrewCaruthers
294,0,1,hossam13
295,0,1,Miss_Leeze
296,0,1,edflynn
297,0,1,FaganLarry
298,0,1,JuellaB
299,0,1,BenSwann_
300,0,1,johnhamlin
301,0,1,itsVSW
302,0,1,RyanWBryant
303,0,1,sydlandia_
304,0,1,baronobeefdip
305,0,1,sebasrivera1410
306,0,1,SteveGoyer
307,0,1,MaximusLaw
308,0,1,moyorhymes
309,0,1,nunya_binnis
310,1,1,VeganLoveTeach
311,1,1,gema_bieber123
312,1,1,domferrara5
313,1,1,J_AGordon
314,1,1,karin_cather
315,1,1,liberalvixen
316,1,1,JuneRochelle1
317,1,1,AlexanderWrites
318,1,1,NoRudypoot
319,1,1,fentyxbilly
320,1,1,ninjaburn81
321,1,1,Isaiah_bruhh_
322,1,1,ReyHernandez1
323,1,1,ileonardoprado
324,1,1,DKSB17
325,1,1,TheGlamLyfeBby
326,1,1,Eladriondragon
327,1,1,ChicagoSteve13
328,1,1,hi_its_nicola
329,1,1,delsina363
330,1,1,Ana21Ana211
331,1,1,lockabeeee23
332,1,1,AKAcitizen
333,1,1,ShadowOfTheNerd
334,1,1,B9lyEquivocal
335,1,1,SeattleShay
336,1,1,HIjabbee
337,1,1,EvanGoBragh
338,1,1,CodyLillich
339,1,1,sterlace_fran
340,1,1,m_esquinca
341,1,1,AIDS_United
342,1,1,TFlimbim
343,1,1,PattyGuerraD
344,1,1,HectorG_M5
345,1,1,MarpheenChann
346,1,1,d56mike
347,1,1,TheHateWatch
348,1,1,freeeduh
349,1,1,ThrowedNoe
350,1,1,LumberCat
351,1,1,project_slay
352,1,1,Tejazz89
353,1,1,Echegaray
354,1,1,IamMaryShirley
355,1,1,Dangeresquetwo
356,1,1,SarahNoelle013
357,1,1,StartttTF2
358,1,1,kitchkitch
359,1,1,johnelerick
360,1,1,spoapst
361,1,1,SafixOriginal
362,1,1,miawp29
363,1,1,SynAlexander
364,1,1,jawsh74
365,1,1,lea
366,1,1,jtfaris
367,1,1,Made_LineMiller
368,1,1,lachlanmac_
369,1,1,theindigotora
370,1,1,sumomona
371,1,1,sancherj
372,1,1,BakedTexas
373,1,1,bob_calhoun
374,1,1,ritachesterton
375,1,1,Orwelian84
376,1,1,prollyalex
377,1,1,JustLinesNTP
378,1,1,PoLitCrit
379,1,1,theblack_bond
380,1,1,conradclose
381,1,1,NeilPat91
382,1,1,bzherman
383,1,1,JasonBrownComic
384,1,1,elsnappy
385,1,1,sooperneil
386,1,1,WillMcLeod99
387,1,1,craigapope
388,1,1,producerjeff
389,1,1,zackbys
390,1,1,abrakadoula
391,1,1,hanscarlos
392,1,1,mykuhlann
393,1,1,itslivmartin
394,1,1,techsavvy68
395,1,1,USNCS
396,1,1,jack_thavichith
397,1,1,RobAristotle
398,1,1,j01_gh
399,1,1,sgcotati
400,1,1,LincolnSixxEcho
401,1,1,davechensky
402,1,1,TiffyyyandCO
403,1,1,TheAngel2480
404,1,1,raboyd2
405,1,1,OrrPenelope
406,1,1,mycocoabubbles
407,1,1,Pie_SocialMedia
408,1,1,Shannon_Irish
409,1,1,IAgreeToSee
410,1,1,MariePVilla
411,1,1,dontKAYme
412,1,1,ambrs_
413,1,1,Its_Siege
414,1,1,pknoepfler
415,1,1,bungalevista
416,1,1,jiranma
417,1,1,lrhoke
418,1,1,zorana_pringle
419,1,1,monikarun
420,1,1,leila_estes
421,1,1,zach1974
422,1,1,BigFudge734
423,1,1,politicalwhacks
424,1,1,Lunchbox_USMC
425,1,1,hitcIips
426,1,1,PatricioBG
427,1,1,Swiftler89
428,1,1,tinkerbellxv86
429,1,1,KoDon4
430,1,1,sdsyoen
431,1,1,neerajbali7
432,1,1,kmnewmeyer
433,1,1,donnersun
434,1,1,TeeVanity
435,1,1,McCroden
436,1,1,Skitzzo
437,1,1,ebbykakes
438,1,1,kmacgrath93
439,1,1,SensiblySecular
440,1,1,mychalmassie
441,1,1,KenBobe
442,1,1,Creta65
443,1,1,Vtechp
444,1,1,jeunefillenoire
445,1,1,paniq
446,1,1,AristidesMarte
447,1,1,thedailybunnies
448,1,1,hersheydenise1
449,1,1,coltgal
450,1,1,countdante67
451,1,1,SecretaryStreep
452,1,1,IsicaLynn
453,1,1,CE_Loveless
454,1,1,ShawnHeckler
455,1,1,iamhasanansari
456,1,1,kathrynlillian_
457,1,1,Maddiemoomoo
458,1,1,hdwpursley
459,1,1,Cindycjax
460,1,1,seanrobertgill
461,1,1,JesseyRosales
462,1,1,BarbieWoodside
463,1,1,bree_ann_uh
464,1,1,ListToPort
465,1,1,PauLouAllRey
466,1,1,AudiblySilenced
467,1,1,wallenthusiast
468,1,1,JimmyHarrisSays
469,1,1,gabrielblau
470,1,1,Aspen___JC
471,1,1,gamvini
472,1,1,jansoriano18
473,1,1,nyalpatel17
474,1,1,danijohns_bu
475,1,1,readerobserver
476,1,1,MaxVillela1
477,1,1,denis408
478,1,1,Becca_boo_419
479,1,1,KarLyn_P
480,1,1,Symona_Lisa
481,1,1,colterm2003
482,1,1,pdayton
483,1,1,nonbinarybot
484,1,1,ElRafaelVasquez
485,1,1,DrFunmbiE
486,1,1,beshka33
487,1,1,lisababy1124
488,1,1,MargotSusca
489,1,1,arielleeiser
490,1,1,BridgetRCameron
491,1,1,beanbabies
492,1,1,JimMounteer1
493,1,1,ClickingSticks
494,1,1,sgo_1985
495,1,1,susanv
496,1,1,dotfelixb
497,1,1,JoshuaDiemert
498,1,1,ivyblos
499,1,1,Jessica_Liliana
500,1,1,rlanebailey
501,1,1,MorganShow1
502,1,1,AresTompe
503,1,1,mwmast3r
504,1,1,MAcatholicmom
505,1,1,sevrles
506,1,1,grdemedeiros
507,1,1,MaleOdor
508,1,1,NumbaWunStunna
509,1,1,amanda_headrick
510,1,1,splats62
511,1,1,EJLandwehr
512,1,1,ZachBlaifeder
513,1,1,originalspin
514,1,1,LucifersSoul
515,1,1,squizzex
516,1,1,shayes25
517,1,1,bellagoth
518,1,1,DiamondsNTears
519,1,1,kabasford
520,1,1,robrickman
521,1,1,Leewardgurl
522,1,1,stephaniemar
523,1,1,nrrprophet
524,1,1,poiseana
525,1,1,AnneStull
526,1,1,LibtardAmerica
527,1,1,MiyyahPapaya
528,1,1,MarcoBaVe
529,1,1,LeesieInDurham
530,1,1,laurenmakk
531,1,1,jomariemalcolm
532,1,1,AndroniqueFrank
533,1,1,_luc1d_
534,1,1,TrueTanker
535,1,1,ShumakAttack
536,1,1,AnaRooot
537,1,1,DrReed14
538,1,1,tsoJaunty
539,1,1,EMS570
540,1,1,shanney32
541,1,1,teleskiguy
542,1,1,HuffPostPol
543,1,1,natebearss
544,1,1,josephm0003
545,1,1,LudovicaScalco
546,1,1,sweetlyjules
547,1,1,HighGlossSauce
548,1,1,jesus_crit
549,1,1,SpiderGirlTia
550,1,1,Christina__Lima
551,1,1,PattyTherre
552,1,1,SqueekTheMayor
553,1,1,Jonny_Z_Dingle
554,1,1,panderson1988
555,1,1,homesick4philly
556,1,1,MillieSansoye
557,1,1,evnthomusic
558,1,1,sunstars16
559,1,1,JakeH_JMM533
560,1,1,aveiman
561,1,1,shannoncoulter
562,1,1,Alitop_
563,1,1,ImJustKoda
564,1,1,thedailyfishfry
565,1,1,mjsamberg
566,1,1,cmclymer
567,1,1,mbsaraujo
568,1,1,brandalay
569,1,1,Astros290
570,1,1,richeysgran
571,1,1,vincent_aliquo
572,1,1,metricula
573,1,1,robrogan
574,1,1,maddie_baileeee
575,1,1,DJ_Rockbottom
576,1,1,majorlessa
577,1,1,MaryPenarczyk
578,1,1,MsEricka45
579,1,1,BenAndrewHenry
580,1,1,focaheela
581,1,1,Th3UnKN0wN7
582,1,1,CarlDemark
583,1,1,dilettantebunny
584,1,1,radiokatedm
585,1,1,mckayla724
586,1,1,ChiefEditorMG
587,1,1,AngieLynchipoo
588,1,1,reroll
589,1,1,0hbetave
590,1,1,SkreetGil
591,1,1,PolitixGal
592,1,1,BeeHunnee
593,1,1,DeannaGrinnell
594,1,1,bcar1125
595,1,1,SecureAmerica
596,1,1,FeeFurz
597,1,1,HMChannelTV
598,1,1,valoriecates
599,1,1,TweetKimTweet
600,1,1,MJStarLover
601,1,1,tosacarte
602,1,1,feli_pesoares
603,1,1,tramirez89
604,1,1,kaywilk15
605,1,1,Queen_Rositaaa
606,1,1,MikeAucoin78
607,1,1,jerradpeters
608,1,1,amandahoganNL
609,1,1,Transnormada
610,1,1,SpaceyCasey407
611,1,1,kenmauk
612,1,1,oxodianaoxo
613,1,1,WhitneyNycole
614,1,1,ZacharyOS
615,1,1,bodysculptorokc
616,1,1,SonOfDubey
617,1,1,CollegeDemsMC
618,1,1,lamaravilla336
619,1,1,NSComputerTech
620,1,1,dams2dam
621,1,1,hartwilliam3
622,1,1,HPastura
623,1,1,Dan_E_V
624,1,1,lynn_kinsey
625,1,1,iam_jtsii
626,1,1,RussOnPolitics
627,1,1,brianda0714
628,1,1,CrimsonFury006
629,1,1,honhonbaguettes
630,1,1,QueerXiChisme
631,1,1,Obiwanbluedogie
632,1,1,mr_esco_tweets
633,1,1,jeddyg
634,1,1,emilythickinson
635,1,1,proudtxlib
636,1,1,NSQE
637,1,1,BrennanMichaelP
638,1,1,EricssenWen
639,1,1,winkythehouself
640,1,1,supertuesdaypod
641,1,1,ThatDamnLyrik
642,1,1,gramito39
643,1,1,Liliane7
644,1,1,cursedoutpros
645,1,1,juju_2597
646,1,1,DeadlyRave
647,1,1,This_SIDs_Life
648,1,1,sassynychick
649,1,1,garnethenderson
650,1,1,LarHuntsZombies
651,1,1,scotmaupin
652,1,1,DenizKofteci
653,1,1,blinndianajones
654,1,1,manvelshredneck
655,1,1,delok357
656,1,1,_LaLas_Land
657,1,1,bswacker
658,1,1,epalew
659,1,1,supkatrinaa
660,1,1,skinnytalls
661,1,1,mjrill
662,1,1,phpress
663,1,1,micahmj11
664,1,1,VieVentar
665,1,1,_celinea
666,1,1,krissyb_kristen
667,1,1,JAD3deFL
668,1,1,Hank_Thompson
669,1,1,YouCaughtScott
670,1,1,sidburris
671,1,1,LithOrbane
672,1,1,MoiraDCallahan
673,1,1,Romans916
674,1,1,TaylorComedy
675,1,1,witlingo
676,1,1,justpriest2
677,1,1,JordiAdamez
678,1,1,Ariel_akeeL
679,1,1,jagcfo
680,1,1,SpotacusScott
681,1,1,_katiekins
682,1,1,SeniorTrump
683,1,1,isadoades
684,1,1,papaparksbeach
685,1,1,StAutist
686,1,1,phantomshive
687,1,1,AtheismKOd
688,1,1,MaxxxxJulien
689,1,1,alwaysnerd0
690,1,1,timtincher
691,1,1,desertbeebuzz
692,1,1,rose625
693,1,1,jcm209
694,1,1,pizzarolls87
695,1,1,sportmasterCHAD
696,1,1,McKennaMother
697,1,1,dgbarford
698,1,1,BrandiJeter
699,1,1,BigHeat34
700,1,1,yepsuzn
701,1,1,roadrunner032
702,1,1,iBizcocho
703,1,1,heideland
704,1,1,ThisOneThing7
705,1,1,ukpoliticsnet
706,1,1,peternewturkey
707,1,1,SteeleMagnolia
708,1,1,toffeefanys
709,1,1,pepperblack_
710,1,1,eggycrunchybob
711,1,1,auritech
712,1,1,bookishchick
713,1,1,omarkurdi20
714,1,1,LoweryKzlowery
715,1,1,beyondddd_m
716,1,1,absurdistwords
717,1,1,bbybluniall
718,1,1,kaitlynemily_xo
719,1,1,cole_greenfield
720,1,1,_violent_SPEED
721,1,1,TFJtheMVP
722,1,1,informador_INT
723,1,1,AngelofLight1us
724,1,1,taylor_jess96
725,1,1,mekamue
726,1,1,thesecularkhan
727,1,1,laurenskelly
728,1,1,RichterBeImont
729,1,1,johnnyhirsch_42
730,1,1,litbrit
731,1,1,kgarrison
732,1,1,Dang_Lee_Sack
733,1,1,TraderReid
734,1,1,JamesForan7
735,1,1,MosesLizard
736,1,1,PRCog
737,1,1,DanTCunningham
738,1,1,VBeaudoin18
739,1,1,martypieratt
740,1,1,AlexGomora
741,1,1,kimboperkins
742,1,1,jesseleo
743,1,1,DonMiguelChavez
744,1,1,toddness7k3
745,1,1,JessKMalik
746,1,1,angelagim
747,1,1,caitlinrain
748,1,1,kamahaazi
749,1,1,EstherJane30
750,1,1,Michael_Ergas
751,1,1,kristenr29
752,1,1,BritniDWrites
753,1,1,_ThatGuyT
754,1,1,pefrat
755,1,1,GeorgetheMighty
756,1,1,CassieChapman
757,1,1,DStevems
758,1,1,alicegoldfuss
759,1,1,Darn_ug
760,1,1,DawaunParker
761,1,1,JasonTheX
762,1,1,Steff33Hughes
763,1,1,FriedrichsMatt
764,1,1,DjinnLil8675309
765,1,1,_fELISE_navidad
766,1,1,hassan_k82
767,1,1,ClarenceFlam
768,1,1,alexdBernard
769,1,1,Glendaliz
770,1,1,SuuperBlah
771,1,1,DeeDee223
772,1,1,chestmedicine
773,1,1,SanDiego1975
774,1,1,karenmsmith77
775,1,1,chrisantenucci
776,1,1,cmickelsmejia
777,1,1,I_write_stuff
778,1,1,JessicaHuseman
779,1,1,Skykenmom
780,1,1,AlexTzavellas
781,1,1,J_manuel06
782,1,1,GuiPScript
783,1,1,mubnii
784,1,1,br0k3nHalo
785,1,1,nora_ramel
786,1,1,chlojournalism2
787,1,1,bonzi_govikes
788,1,1,Marve1ousmarv
789,1,1,WriteChrisD
790,1,1,SelimSeesYou
791,1,1,tashafl0cka
792,1,1,jayisnotsexy
793,1,1,Sikhu_Khoza
794,1,1,OliviaBurley1
795,1,1,ToastersForever
796,1,1,Invisible_Eyes
797,1,1,matiasjarah
798,1,1,cjacuff
799,1,1,notanangel81
800,1,1,ryan_o14
801,1,1,Crutnacker
802,1,1,MyLifeAsSne
803,1,1,TXxTn
804,1,1,Totally_Brenda
805,1,1,kdpwrites
806,1,1,Ryeinm
807,1,1,rollbluetide
808,1,1,lepoison123
809,1,1,CallMeBalderas
810,1,1,Melon_Head21
811,1,1,itzelitevortex
812,1,1,LizziSlivinski
813,1,1,Mr_Cynic
814,1,1,WhoIsAdamLanza
815,1,1,SeeleyStewart
816,1,1,_jahnaviii
817,1,1,_go_robot_
818,1,1,Cecibragado
819,1,1,GrowByLove
820,1,1,justDooDirty
821,1,1,shutupbrendance
822,1,1,cassieallison
823,1,1,jscrespo
824,1,1,sorayaasfari
825,1,1,talichka42
826,1,1,DerrickLemos
827,1,1,gregjobe95
828,1,1,TweetingAuthor
829,1,1,curi42
830,1,1,Charmani226
831,1,1,PlzProceedGOP
832,1,1,twaqueen
833,1,1,AnnStrahm
834,1,1,kendalljaye
835,1,1,ThurkaDee
836,1,1,dallaslimelight
837,1,1,jasongriffin1
838,1,1,dicksbeer
839,1,1,J_rodYoung
840,1,1,UberallesLA
841,1,1,thinkshiv
842,1,1,MarthaEkdahl
843,1,1,Tegan_Writes
844,1,1,TheMarkRoman
845,1,1,LongLiveUs16
846,1,1,wawoodworth
847,1,1,SamuelSamuel55
848,1,1,VoulaHalliday
849,1,1,kocyildirim
850,1,2,USJeffersonianA
851,1,1,FrankRealEstate
852,1,1,JimMcCarthy1
853,1,1,funnypics484
854,1,1,anagama
855,1,1,warrencasselljr
856,1,1,kellyblanchat
857,1,1,RuthieRuthie2
858,1,1,ronebear
859,1,1,VirtualNight
860,1,1,Fastcar48X
861,1,1,rodrigue_ron
862,1,1,katieee_01
863,1,1,Ammie508
864,1,1,weareincommon
865,1,1,N3ssci
866,1,1,sosupaash_
867,1,1,AudaciousBadAss
868,1,1,zachschurmann
869,1,1,GWP
870,1,1,CarolEvansWM
871,1,1,lingling23
872,1,1,SarahKSilverman
873,1,1,JoelIvey5
874,1,1,chevs17
875,1,1,GeezyQue_
876,1,1,eddiefontes
877,1,1,marcel_dog
878,1,1,Dailytakes
879,1,1,kristen_zimmer
880,1,1,NerdyTraveler
881,1,1,MicahKMinter
882,1,1,doddy9224
883,1,1,helterskeltermo
884,1,1,ProjectTECA
885,1,1,SchneidRemarks
886,1,1,luscapinho
887,1,1,SarahPdit
888,1,1,Pancho_Sw
889,1,1,zachwillizach
890,1,1,NickSones
891,1,1,joshyblackwood
892,1,1,CognitiveFungus
893,1,1,iamramsey
894,1,1,RWFighter2016
895,1,1,OCherokee
896,1,1,Drgnfly42
897,1,1,DavidBrelin
898,1,1,justinarchie
899,1,1,TheGayGinge
900,1,1,mollymar10
901,1,1,OsirisMay
902,1,1,crgonzalez
903,1,1,elenatweetz
904,1,1,Hola_Vicente
905,1,1,OhHellNoooo
906,1,1,gooliegirlie
907,1,1,christianholtmk
908,1,1,lancesabbe
909,1,1,Lynnlu378
910,1,1,JackReid_0
911,1,1,notthebe
912,1,1,jess_jkh
913,1,1,KakiOlsenBooks
914,1,1,jay_mazin
915,1,1,Importantest
916,1,1,hudsonjoe
917,1,1,thehotiron
918,1,1,KeyToons
919,1,1,SRLeSage
920,1,1,ccfp11
921,1,1,OhKayByeeee
922,1,1,mabynshingleton
923,1,1,HumanVeterinary
924,1,1,KoKoShanell_5
925,1,1,LiamBrake_1
926,1,1,BathSaltWarrior
927,1,1,MidWestGnar
928,1,1,ChavezSxR_
929,1,1,har4mbe
930,1,1,ItsOldGregg_67
931,1,1,theerkj
932,1,1,NoahFinneburgh
933,1,1,Rmhenry1Henry
934,1,1,Brazil201
935,1,1,starrymusings
936,1,1,rachfab
937,1,1,alilland
938,1,1,PopsCutrona
939,1,1,giomunozlopez
940,1,1,ProgtopiaBooks
941,1,1,RosemaryPicker1
942,1,2,JennyPa61826454
943,1,1,sylviampcg
944,1,1,koolkidk15
945,1,1,Emily_J_Murphy
946,1,1,Juror_Fish
947,1,1,reaIDonaldTrup
948,1,1,stevezacharanda
949,1,1,AMneina
950,1,1,michaela_gerner
951,1,1,crusadir
952,1,1,jordyntnoennig
953,1,1,jabrilfaraj
954,1,1,DianneMegaWatts
955,1,1,fcoronado
956,1,1,TrumpVsHilary
957,1,1,inyosub
958,1,1,BeingLiam
959,1,1,GrayGiant
960,1,1,abi_mt
961,1,1,ShawdieRED
962,1,1,JoseAngelCG
963,1,1,glopez425
964,1,1,JohnnyFoxRox
965,1,1,amysmullin
966,1,1,Deff_Soul
967,1,1,robcamacho
968,1,1,MikeRTweeting
969,1,1,Sushia
970,1,1,campashley718
971,1,1,Nolan
972,1,1,misschristinewp
973,1,1,jf2good
974,1,1,wbkrebs
975,1,1,hyfr816
976,1,1,Seauxmali
977,1,1,TEKtheMAESTRO
978,1,1,PolitelyAtheist
979,1,1,biff1414
980,1,1,melisarae1
981,1,1,ProudInfidel33
982,1,1,LeachLyfe
983,1,1,JeffLurking
984,1,1,Matt_Tyler_RTHS
985,1,1,JayRflamm
986,1,1,keljabel
987,1,1,chadsbad
988,1,1,Valkyrie_Lemons
989,1,1,popsophisticate
990,1,1,TakeActionWAHM
991,1,1,Tysley
992,1,1,fellfromabucket
993,1,1,KateMaltby
