,Cluster,Count,User
0,0,1,redwurfle
1,0,1,anadxof
2,0,1,Molarity1983
3,0,1,YeatsCrayonnes
4,0,1,i_Movies_i
5,0,1,MaloryPacheco
6,0,1,Kbethery
7,0,1,risevelyne
8,0,1,LoprettoR
9,0,4,todgecrain
10,0,1,FameAnderson
11,0,1,MartaC17
12,0,1,vanessag_1D
13,0,1,shabnajwrites
14,0,1,caarlos3_
15,0,1,CalebMcLUpdates
16,0,1,jonmillermusic
17,0,1,kixmonae__
18,0,1,AnaelleMilano
19,0,1,SafiyyaJB
20,0,11,TrumpVolume
21,0,1,timmmc
22,0,1,dkod19
23,0,1,diogopugliesi
24,0,1,SusieQDances
25,1,1,issasbautista
26,1,1,gabbya7
27,1,1,Darlyka
28,1,1,jess_nichols04
29,1,1,victortalk
30,1,1,uniqueverse13
31,1,1,EmerLanders
32,1,3,todgecrain
33,1,1,ehsandrahman
34,1,1,ecargf_
35,1,1,BBCAMERICA
36,1,1,lauraanne_18
37,1,1,PeaL79
38,1,1,sg_singleton
39,1,1,MauriceHayes86
40,1,1,ankit2704
41,1,1,Pamela_Wise
42,1,1,aayman93
43,1,1,BillTheCat_SK
44,1,1,RobotHeather
45,1,1,Vingahunter
46,1,1,stefanieRibarra
47,1,1,NewsJunkieJo
48,1,1,AIL24
49,1,1,kimnerdybird
50,1,1,GloriaVRodrig
51,1,1,GibsonMenace77
52,1,1,Omerta4204
53,1,1,buggahs
54,1,1,girlclumsy
55,1,1,SalasInaki
56,1,1,lyakardashian
57,1,1,EmiroAlarcon
58,1,1,CobesGoes
59,1,1,NatibelMania
60,1,1,ebeinke
61,1,1,FashionInspire3
62,1,1,Shauna95Lee
63,1,1,TheRealSwann
64,1,1,taybug0001
65,1,1,cokey318
66,1,1,JASaxton1
67,1,1,DunyOficiaI
68,1,1,joseramonmarmtz
69,1,1,aidajazlina
70,1,1,filmaniaindo
71,1,1,CRSuberox
72,1,1,bringthecat
73,1,1,deivhit
74,1,1,vince_barter
75,1,1,PEOPLE_Comms
76,1,1,BlackBeauty504
77,1,1,BasuRajashree
78,1,1,SaschV
79,1,1,Raymund_G
80,1,1,ChinoTelible_
81,1,1,BastrdJonSnow
82,1,1,sidecut_
83,1,1,lirrysaint
84,1,1,passion1997_
85,1,1,ErikaLanger
86,1,1,Oosthuis1
87,1,1,ei_kari
88,1,1,DannCastroo
89,1,1,MelO_162
90,1,1,hippiechickjh
91,1,1,Rodrig0silva
92,1,1,MeribethBurton
93,1,1,AmeriTerry
94,1,1,OmerOnderEng
95,1,1,filmwritr4
96,1,1,fIipsad
97,1,1,RyanSchaefer41
98,1,1,CreepyReptilian
99,1,1,xokaylataylor
100,1,1,beaches_life4me
101,1,2,rihannaNepal
102,1,1,qzl4ef
103,1,1,FiloCiti
104,1,1,EnriqueMinhaz
105,1,1,pacobardales
106,1,1,boudymashhour1
107,1,1,Humadh_
108,1,1,annisadp13
109,1,1,devansh1103
110,1,1,EW
111,1,1,anjelato
112,1,1,GrumpyYetAmusin
113,1,1,Leah617
114,1,1,homeruntrots
115,1,1,mikkealemaann
116,1,1,tinha_batera
117,1,1,captodonoghue
118,1,1,sincerelykath
119,1,1,scrapbook_gal75
120,1,1,ccodyhill
121,1,1,OtakuNeerd07
122,1,1,Thisguyy17
123,1,1,RyanLeckie
124,1,1,AVAETC
125,1,1,Oni_no_Hanzo
126,1,1,martapalley
127,1,1,99Zn0ee
128,1,1,IsabellaCipp
129,1,1,eaaknighterrant
130,1,1,liscelino
131,1,1,joaquinarraiz
132,1,1,beantownkate
133,1,1,MyCeciNameIsHi
134,1,1,ineedahotsec
135,1,1,ruthlessroot
136,1,1,markmanio
137,1,1,KurtLara25
138,1,1,MissPopStar
139,1,1,dihoppy
140,1,1,michael_m_pop
141,1,1,leele505
142,1,1,realMilesWolffe
143,1,1,selewsober
144,1,1,MissCaroline
145,1,1,SoMais1Episodio
146,1,1,serge_poznanski
147,1,1,MissFoxyQueenx
148,1,1,larooski_
149,1,1,takeddls
150,1,1,JamEaterBlues
151,1,3,juan_qg
152,1,1,bansheegritona
153,1,1,Tai_mua
154,1,1,guiltyx
155,1,1,VictoriaMarinNY
156,1,1,r4i5h63
157,1,1,ids_weekend
158,1,1,PalaGilroySen
159,1,1,RadRoopa
160,1,1,tatianasemmyx
161,1,1,Tech_Terrorist
162,1,1,thatLCgirl
163,1,1,rafaeluchimura
164,1,1,ber_kett
165,1,1,lovepass77
166,1,1,samirella8
167,1,1,pinksamsonite
168,1,1,TheLastHearth
169,1,1,vvvemily
170,1,1,ganraja
171,1,1,smitaavin
172,1,1,NowhereJuan
173,1,1,JackieTalkNerdy
174,1,1,GrimDark5
175,1,1,kershevelle
176,1,1,SOJeckyllSOHyde
177,1,1,marcusuntrell
178,1,1,Jade51453
179,1,1,booksquare
180,1,1,emanuelstrange
181,1,1,yukiicalandria
182,1,1,tracymherrick
183,1,1,Pablo_Visgarra
184,1,1,MiauMiauMoi
185,1,1,TOIEntertain
186,1,1,Variety
187,1,1,lavishandflawed
188,1,1,georgisnotok
189,1,1,Cotiti_KPCat
190,1,1,louisestressado
191,1,1,eduinthehouse
192,1,1,hhuckestein
193,1,1,marupanelo
194,1,1,vinagieerette_
195,1,1,TylerZucker
196,1,1,manuelrico61
197,1,1,gui_murissoka
198,1,1,ProjectMelton
199,1,1,AmrapaliAmbegao
200,1,1,GomesRangel13
201,1,1,BasedOnABeauDEE
202,1,1,marlonrocha70
203,1,1,nSquib
204,1,1,Noel310x
205,1,1,Biswas_L
206,1,1,its_vinoth
207,1,1,2015Bieberyear
208,1,1,GostosaDoPop
209,1,1,PutriShafa
210,1,1,Ivettehdzm
211,1,1,777GeauxJen
212,1,1,doni_mathias18
213,1,1,riderj123
214,1,1,iNajah95
215,1,1,DanyaJayne
216,1,1,ielaf_9
217,1,1,The1MeowQueen
218,1,1,mrvasallo
219,1,1,tweetearl
220,1,1,firstexcalibur
221,1,1,steyce_hellen
222,1,1,exSuperman
223,1,1,RachtheGleek
224,1,1,antheabanana
225,1,1,hollywrich
226,1,1,Catbus176
227,1,1,artkikis
228,1,1,sp3ak3asy1324
229,1,1,xTv20
230,1,1,jackconner123
231,1,1,StephMBuck
232,1,1,moviegoing27
233,1,1,shitvit
234,1,1,JGrey622
235,1,1,SuhlerOriginal
236,1,1,RachaelEHess
237,2,1,SimplyMaiyaaa
238,2,1,SANTANXMIX
239,2,1,shadesofotaria
240,2,1,ariegonzalesss
241,2,1,CandeDuran25
242,2,1,Laurazapata310
243,2,1,captainsfIash
244,2,2,NecklacesFash
245,2,1,0x00string
246,2,1,Clear_Liqueur
247,2,1,authenticbuzz
248,2,1,extratv
249,2,1,Theusmartins0
250,2,1,JasmineCockrell
251,2,1,KarenDiaz0118
252,2,1,helloiamkela
253,2,1,rababs_eldamrwy
254,2,1,rosellebeax
255,2,1,frau_Ike
256,2,1,ajones1139
257,2,1,LauraCombden
258,2,1,progressium_ru
259,2,1,liazaratte
260,2,1,AshieAmbitious
261,2,1,Thiago__Paiva
262,2,1,wxkyz
263,2,2,MartinaDalys
264,2,1,DillionEddie
265,2,1,thisthatchloe
266,2,1,AndryPresh
267,2,1,Butterfly4Am
268,2,1,lucashenriique
269,2,1,BiancaNorwood
270,2,2,cashbacktime
271,2,1,flirtyharmony
272,2,1,katelynn0marie
273,2,1,gdensing
274,2,1,santos_JADINE
275,2,1,PaulaBierschuva
276,2,1,camillediem
277,2,1,GiselleAlvarezS
278,2,1,_Picassoy
279,2,1,KarliMC
280,2,1,TheWrap
281,2,1,88rajaa8
282,2,1,UEATClub
283,2,1,SeanWolfe89
284,2,1,TinaMar54287286
285,2,1,alvanikkii
286,2,1,7Hala_Aldosari
287,2,1,romawnoff
288,2,1,danj2007
289,2,1,leahmockingjay
290,2,1,adnan_jaber_
291,2,1,Bga_Bijou
292,2,1,OMN93
293,2,1,cuddllynjh
294,2,1,LaughOutNOW
295,2,1,joice_melo01
296,2,1,nassdany
297,2,1,omavalos
298,2,1,SusyMolina98
299,2,1,spookyjehan
300,2,1,Luks_Ozzirk
301,2,1,susangaj
302,2,1,AllyRoche
303,2,1,bernardoxfrd
304,2,1,harleyzuinn
305,2,1,MissVCaripe
306,2,1,stydialec
307,2,2,clarkaent
308,2,1,PostsRe
309,2,1,Aakriti1
310,2,1,kiselevanovell5
311,2,1,MikeRaphone
312,2,1,madridtefl
313,2,1,destinyseeksher
314,2,1,xCarlosEMendez
315,2,1,MariahDinda
316,2,1,greyseulgi
317,2,1,Essence
318,2,1,CruzIngride
319,2,1,AjWooddall
320,2,1,tdam
321,2,1,stainnili
322,2,1,SaveSipowicz
323,2,1,juliapacleb
324,2,1,aninhaaortiz
325,2,1,BieberlyAriana
326,2,1,TarajiQuotes
327,2,1,teremedrano
328,2,1,EW
329,2,1,juvenbiala
330,2,1,JaclynPsyD
331,2,1,bekielynn
332,2,1,MomoDangelo
333,2,1,CosmicRabbit42
334,2,1,fanddingso_
335,2,1,aynourwalid
336,2,1,mrsJLDV
337,2,1,paskojr
338,2,1,FashStreetStyle
339,2,1,HollywoodCiak
340,2,1,petdalbem
341,2,2,miri
342,2,1,CelebFootage
343,2,1,TrendTopicsLa
344,2,1,millenatomalz
345,2,1,trulykiaah
346,2,1,aheath0385
347,2,1,OpsAnalisei
348,2,1,TBNashie
349,2,1,JoshNoneYaBiz
350,2,1,nickgamboa
351,2,1,BiboEnVivo
352,2,1,aaditee
353,2,1,colorsevil
354,2,1,taziateresa
355,2,1,SHARELOMINA
356,2,1,Natedogisdeadlo
357,2,1,lariii42
358,2,1,c_tenhue
359,2,1,ludovic00
360,2,2,lalamrocha_
361,2,1,YankeeBeatCheck
362,2,1,_MitchP_
363,2,1,Cinderellacmb
364,2,1,jcguiwa
365,2,1,beabezerrab
366,2,1,harrypalmzz
367,2,1,ChinaGregory
368,2,1,trendt00
369,2,1,Mr_Markini
370,2,1,tinyagentscully
371,2,1,HollywoodLife
372,2,1,rafaely_macedo
373,2,1,curlsntel
374,2,1,SameChicSouth
375,2,1,rami_elliot
376,2,1,JIHYUN0906
377,2,1,Fabiola19751950
378,2,1,diwxon
379,2,1,mandymopes
380,2,1,peixinhogeek
381,2,1,joshcnicholas
382,2,1,cassidyblues
383,2,1,sheygg19
384,2,2,THR
385,2,1,adadforliv
386,2,1,cliche4lyfe
387,2,1,CinemaNero
388,2,1,Leannbe
389,2,1,the_AHmazing
390,2,1,N_V_R_mind
391,2,1,nymanlillian1
392,2,1,rafinhaandrade_
393,2,1,canitas86
394,2,1,oliveiraaana
395,2,1,krazykarlos
396,2,2,ayaahx__
397,2,1,absolutioos
398,2,1,kevlynhall
399,2,1,FrancisRuta
400,2,1,TurntableKittah
401,2,2,AnaHatsumi
402,2,1,Daniel_agv
403,2,1,Callmedaliii
404,2,1,haifa__m_
405,2,1,vantoinfinity
406,2,1,MadMakNY
407,2,1,maysoonzayid
408,2,1,NickyNasrallah
409,2,1,tengkanika
410,2,1,Coper_88
411,2,1,PearLUSTniJames
412,2,1,2015Bieberyear
413,2,2,BuraStar23
414,2,1,BradGalli
415,2,1,hzqll_
416,2,1,BobbiMemoli
417,2,1,lightsx_
418,2,1,tylxerjoseph
419,2,1,RugidoLeonino
420,2,1,Liberal_Shill
421,2,1,marcelogcsilva
422,2,1,Rowdybruh
423,2,1,Omnya78
424,2,1,jasonrichardson
425,2,1,louisdread
426,2,1,MimiAFNewman
427,2,1,PeaceLove_nLexi
428,2,1,GuajaGonzalez
429,2,1,loquaciousmuse
430,2,1,sujibear
431,2,1,Dash_Thoughts
432,2,4,leighobaccesstv
433,2,1,hogan_cole
434,2,1,tomasmaito
435,2,1,LiveShedInc
436,2,1,ChrissysBlog
437,2,1,iiamthesuperman
438,2,1,Xcapa1
439,2,1,nadinereid1415
440,2,1,ximeneswho
441,2,1,italia_tt
442,2,2,ZoeKeel
443,2,1,Caarla121
444,2,1,CarolynLTodd
445,2,1,harascope21
446,2,1,Kiya_GodNDance
447,2,1,monster_sjag
448,2,1,gatadakeh
449,2,1,eisensberg
450,2,1,EmilyJo555
451,2,1,jemaaaymahhh
452,2,1,_josh_and_tyler
453,2,1,sarrrrtori
454,2,1,louftdagger
455,2,1,JeffJSays
456,2,1,lhollonlearns
457,2,1,jonvena
458,2,1,delalpektas
459,2,1,B3scobar
460,2,1,nuraqilahmhd
461,2,1,c_donayrec
462,2,1,parktweeets
463,2,1,AbrahamEsparza
464,2,1,newslarts
465,2,1,5homaa1
466,2,1,TGI_Fred26
467,2,5,nirmolbiswasdu
468,2,1,sabrina___m
469,2,1,emmy_jay_h
470,2,1,dawnmccoy02
471,2,1,xoxozarapatel
472,2,1,TatyIlana
473,2,1,atalija
474,2,1,sashathepug16
475,2,1,chelokebab
476,2,1,HalfwayToHobo
477,2,1,sarinaruth
478,2,1,kilgravei
479,2,1,marie_sl
480,2,1,incomedy
481,2,1,El_Universal_Mx
482,2,1,_Siobhan85_
483,2,1,msshanitarenee
484,2,1,aristotiIes
485,2,1,kunzanon
486,2,1,TrendTopicsMex
487,2,1,MelaniedeArakal
488,2,1,IfeomaOhiri
489,2,1,validfe
490,2,1,elflopada
491,2,1,7th_artist
492,2,1,Odoylet
493,2,1,MILADMNQ
494,2,1,PatriciaFowle17
495,2,1,GriffinMoreland
496,2,1,dysfashional
497,2,1,gabbyarte
498,2,2,topnuntious
499,2,1,MsNikMe
500,2,1,TayMariola
501,2,1,99eman9
502,2,1,Diad10s
503,2,1,samirella8
504,2,1,theladyisanerd
505,2,1,HausOfSpears
506,2,1,jomatga
507,2,1,raythaalves
508,2,1,lilitan
509,2,1,Areopolis
510,2,1,Tikva11_
511,2,1,natalie_song
512,2,1,i_thataaa
513,2,1,thegillianannis
514,2,1,JoannesVillegas
515,2,1,WendyCrayK
516,2,1,_wolflouise
517,2,1,plcnewroad
518,2,1,targayrns
519,2,1,Alyfacee
520,2,1,itsayapapaya
521,2,1,CeceEwing_
522,2,1,curliegirlie31
523,2,1,erandersen96
524,2,1,charliiTV
525,2,1,maswidodoo
526,2,1,thejacobrich
527,2,1,larrie2187
528,2,1,jdxnik3_
529,2,1,TweetStream
530,2,1,nancyalis
531,2,1,johannicks
532,2,1,LeoSawier
533,2,1,Uriah617
534,2,1,__KokainKisses
535,2,1,mileiest0423
536,2,1,mytweetmark
537,2,1,MisPakistan
538,2,1,WenAndrada
539,2,1,beatrixfuriosa
540,2,1,amanda_gime
541,2,1,TVtrashJen
542,2,1,realtacoking25
543,2,1,loudandfearless
544,2,1,suicideskrill
545,2,1,AlleyofBooks
546,2,1,carochaveez
547,2,1,ElizabthLuther
548,2,1,hairdressing004
549,2,1,TheChilinOS
550,2,1,CTV_Television
551,2,1,vicky_mx16
552,2,1,Lovely1Nika
553,2,1,abdifatahabdi30
554,2,1,FOSHIDA
555,2,1,annehathawya
556,2,1,daviisantos
557,2,1,popsugarau
558,2,1,iiiluminaughty
559,2,1,SoyCharlyGuzman
560,2,1,JoyceLaw_
561,2,1,larrybocetinha
562,2,1,rebekaaaaaaa_
563,2,2,alemily2810
564,2,1,wegetnews
565,2,1,ssejlohan
566,2,1,HeyacheleRiot
567,2,1,KarimetteB
568,2,1,ranafonk
569,2,1,CloneNic
570,2,1,sivtastic
571,2,1,NaahuelRunca
572,2,1,JZablit
573,2,5,todgecrain
574,2,1,debrabirnbaum
575,2,1,thodgins46
576,2,1,gengarsenpai
577,2,1,HeyHolcomb
578,2,1,ohheyemjaysays
579,2,1,MailJohnson
580,2,1,supremestequila
581,2,2,exSuperman
582,2,1,azoozz_
583,2,1,danbelcam
584,2,1,RainyRhythm27
585,2,1,Descutner
586,2,1,scott1120
587,2,1,xojpocaigue
588,2,1,bung_iron
589,2,1,RichOnOWN
590,2,1,Rsepk
591,2,1,Valcast01
592,2,1,clscjones
593,2,1,66rawaa
594,2,1,MarcLucke
595,2,1,Yuncle1
596,2,1,redrose1217
597,2,1,rachelposnick
598,2,1,ehverissimo
599,2,1,recentideas
600,2,1,ces1908
601,2,1,swiftiecause
602,2,1,Urbxsic
603,2,1,kerlaan
604,2,1,MovieGuru101
605,2,1,CarolinaTR81
606,2,1,sallyinthebox
607,2,1,richie_am
608,2,1,FlappingTrump
609,2,1,libremami
610,2,1,SSJDanielito
611,2,1,RoinyEdFC
612,2,1,JonathanSthory
613,2,2,juan_qg
614,2,1,Maslanycrazy
615,2,1,staceyyroman
616,2,1,erikIenshrr
617,2,1,GenesisImagines
618,2,1,flashee
619,2,1,meowchiz
620,2,1,RoyalBlackCatCo
621,2,1,toptennaija
622,2,1,MicaVergaraok
623,2,1,gabbicab
624,2,1,morningmoneyben
625,2,1,People_Style
626,2,1,gallacin
627,2,1,clarencemight
628,2,1,Music_maestro
629,2,1,MissTanya
630,2,1,InfoWarJedi
631,2,1,barbozatalia_
632,2,2,cshasarrived
633,2,1,icymi1900
634,2,1,ZIDANE_5_
635,2,1,GeorginaLesley
636,2,1,TobiasWildman
637,2,1,abby_elliott_
638,2,1,SharnaKeoLove
639,2,1,sdowns
640,2,1,melaniariz
641,2,1,BrianDDRZ
642,2,1,trizzrosa
643,2,1,ActressGracieKJ
644,2,1,robbiegirl
645,2,1,RespectMyHair
646,2,1,FarbodBarsum
647,2,1,RoxanaTepedino
648,2,1,Rxhdss
649,2,1,_Kaleefornia
650,2,1,CWMyle
651,2,1,MiMokatita
652,2,1,ProfLuna
653,2,1,tvtonightau
654,2,1,ElMigoRodrigo
655,2,1,aussienaddie
656,2,1,GreatestInBA
657,2,1,Kelenccaroline
658,2,1,devansh1103
659,2,1,nowthisnews
660,2,1,jadinereid001
661,2,1,LeratoAnzjp
662,2,2,ughberlyn
663,2,1,rodVEVO
664,2,2,neighbourhoes
665,2,1,C0ffeeH0
666,2,1,GloriaAutumn
667,2,1,jadinelustre222
668,2,1,StephenOkey
669,2,1,anbandan01
670,2,1,brunchmom
671,2,1,thebronxblogger
672,2,1,stephpierce
673,2,1,HelloKT13
674,2,1,angelalarocca
675,2,1,frenchyfaith
676,2,1,telsports
677,2,1,thatgreatglow
678,2,1,katiekgreen
679,2,1,McclaineTess
680,2,2,OnMyDVR
681,2,1,ThatsSoCass
682,2,1,DanKanBHills
683,2,2,joyduckies
684,2,1,YahooCelebrity
685,2,1,Jasleenb8
686,2,1,pauliep84
687,2,1,Dohko33
688,2,1,ItsVictorOrt
689,2,1,NoImRuthie
690,2,1,r_lkk
691,2,1,juliusspencer3
692,2,1,lexiingram
693,2,1,ANONAMERICANHQ
694,2,1,FashionInspire3
695,2,1,MusicRox_swathi
696,2,1,bernardbradfor4
697,2,1,Alia5_
698,2,1,poetarojo
699,2,1,chelsaat
700,2,1,MariaAmante
701,2,1,draultice
702,2,1,77razan2
703,2,1,BaileyPennick
704,2,1,Socr8es_Johnson
705,2,1,missourigirl62
706,2,1,rafcolm_
707,2,1,ArtsinNewYork
708,2,1,JZamora29
709,2,1,ellenbopellen
710,2,1,icejonfire
711,2,1,CNov18
712,2,1,TrendTopicsBra
713,2,1,plopez016
714,2,1,JOliversCollar
715,2,1,KayyElise
716,2,1,TrendTopicsEsp
717,2,1,SEXY_TAOIST
718,2,1,befourkaty
719,2,1,deboraserpa
720,2,1,KiLo__KoNTRoL
721,2,1,212_aaron
722,2,2,RichardsNewsTV
723,2,1,BG3216
724,2,1,brensum
725,2,1,iiKimjaebin
726,2,1,shaainaaa
727,2,1,Come2MyRescue
728,2,1,gguts
729,2,1,JetSettersFlyIn
730,2,1,sunoppositemoon
731,2,1,JoseLeonardoMed
732,2,1,i_destiny
733,2,1,StefMonce
734,2,1,rhaegarys1
735,2,1,jadinelustre011
736,2,1,Iifahada
737,2,1,nivea_segreto
738,2,1,kileypreusch
739,2,1,N94HD
740,2,1,berndettebtsta
741,2,1,Or4Now
742,2,1,mackiesbabe
743,2,1,Tayonce__
744,2,1,eliloomas
745,2,1,a10012782
746,2,1,EdgaarOC
747,2,1,wlfalice
748,2,1,elPeriodicoDM
749,2,1,KhaledQm
750,2,1,JadineClarisse
751,2,1,its__loma
752,2,1,FatherWizard
753,2,1,Casheets
754,2,1,RicardoWilliams
755,2,1,Annamolly9
756,2,1,paulinegrxce
757,2,1,parigi88
758,2,1,YonceInLove
759,2,1,fIoralboy
760,2,1,MaiaYafa
761,2,1,justinfeatsivan
762,2,1,IMDbTV
763,2,1,GracefulGirls
764,2,1,i_is_isis
765,2,1,digiaismenow
766,2,1,hjcanvas
767,2,1,nadiasheaessa
768,2,1,htjlaw
769,2,1,alylaurenn
770,2,1,alejovargas19
771,2,1,qdmus
772,2,2,lilymandich
773,2,1,EclecticaCafe
774,2,1,1Dafaizah
775,2,1,MrJones0017
776,2,1,TatMasMX
777,2,1,TrendTopicsUSA
778,2,1,Ayyojauregui
779,2,1,Akaren_MS
780,2,1,ashley_marines
781,2,1,TrumInTheNorth
782,2,1,guatamalia
783,2,1,saboortweets
784,2,1,ManuTironi
785,2,1,tamishutt
786,2,1,zaicevaoksana85
787,2,1,Claudia55384402
788,2,1,gabo_9t
789,2,1,DuarteG18
790,2,1,_Sheliyahhh_
791,2,1,snowwhite44
792,2,1,renadbea
793,2,1,caocosmetics
794,2,1,bexyoung_
795,2,1,prettylyzbaby
796,2,1,KISS1075
797,2,1,blaubomer
798,2,1,senseait
799,2,1,NanaisTHEname
800,2,1,sweide
801,2,1,Uzziel_Flores
802,2,1,_astoldbyCOURT
803,2,1,AnaZLois
804,2,1,Al_Waisman
805,2,1,rachiewashere
806,2,1,CherylReynolds
807,2,1,Edertastico
808,2,1,watchoversammy
809,2,1,TheRealMarkku
810,2,1,FinalFlyFound
811,2,1,jrios97
812,2,1,TepidSharkTake2
813,2,1,varlamdanilov2
814,2,1,iskoalforque
815,2,1,joeymegaman
816,2,1,Areefhxc
817,2,1,Gabbiins
818,2,1,circuitousblur
819,2,1,Allure_magazine
820,2,1,OphieWan
821,2,1,flightlessnerd
822,2,1,Nitu_23
823,2,1,LuciaFerreiraf
824,2,1,SharaLeite
825,2,1,balleralert
826,2,1,AlexCardenal
827,2,1,Le_Ann_Fr
828,2,1,Goatyeah
829,2,1,abbbabin
830,2,1,AlexMarcel15
831,2,1,pinneapplle
832,2,1,FHolquin
833,2,1,sermarc
834,2,1,Ellee_eeee
835,2,2,superlioness1
836,2,1,aosolhosdemaia
837,2,1,usweekly
838,2,1,STERLINGMHOLMES
839,2,1,VirgiDevica
840,2,1,lizzielaray
841,2,1,6_rodina
842,2,1,drgnlvr89
843,2,1,GOPRulesInOHIO
844,2,1,akhbarak
845,2,1,Artemis47
846,2,1,eb_baller3
847,2,1,PrimandPropah
848,2,1,Reenieswine
849,2,2,hoIyhanbin
850,2,1,softtchallas
851,2,1,indigo_blues93
852,2,1,andreaacalentti
853,2,1,black_salvia
854,2,1,Cali_Lovin94
855,2,1,TheCoffeeQueen2
856,2,1,JimmyShoeTron
857,2,1,sofanerd
858,2,2,EddyRhae
859,2,1,classlyn
860,2,3,KurtLara25
861,2,1,gleyda_
862,2,1,_Hebajamal
863,2,1,nomellamoGaby
864,2,1,bruletx
865,2,1,GlamourSpain
866,2,1,Principessaaa_
867,2,1,8jawaher11
868,2,1,KatysWhore
869,2,1,tweetnewbee
870,2,1,fonfon_ru
871,2,1,EricRichards
872,2,1,gotofbirdy
873,2,1,SayHAry
874,2,1,Un_Vailed
875,2,1,DeanMcKinney3
876,2,1,CelebFash365
877,2,1,ayvah2709
878,2,1,GDLtothePDX
879,2,2,SundayMorningMx
880,2,1,NadineReid54344
881,2,1,3z0z96
882,2,1,AmandaCarpere
883,2,1,MADEbyAaren
884,2,1,clarkmedina0511
885,2,1,_pauloosergiio
886,2,1,hirslazim
887,2,1,ThePerezHilton
888,2,1,Hayliee_M
889,2,1,janyxregalo
890,2,1,Almeha_
891,2,1,DanielAragonH
892,2,1,socarras11
893,2,1,omcdreamy
894,2,1,MatthewVeasey
895,2,1,kudryavcevklim9
896,2,1,theRealFlappyTr
897,2,1,SariiDeLeon
898,2,1,TITOd1
899,2,1,azhakes
900,2,1,imafideliss97
901,2,2,Simo10_10
902,2,1,HalleyBorderCol
903,2,1,senasiam
904,2,1,stevemathews93
905,2,1,vinagieerette_
906,2,1,VampireNarwhal
907,2,1,Lobovoltron
908,2,1,JMHE_
909,2,1,ams2015_kn
910,2,1,re_santos7
911,2,1,CamilaMaria_94
912,2,1,MariettaBraze
913,2,1,ohdelicinha
914,2,1,LDNLadybug
915,2,1,hellohimawarii
916,2,1,RealMediaMedusa
917,2,1,kbsquared1961
918,2,1,Orion_Randy
919,2,1,neicolec
920,2,1,jdxnik1_
921,2,1,OKaecilius
922,2,1,Ade_li_ta
923,2,1,Luminessing1
924,2,1,fredy_go86
925,2,1,easyuni_id
926,2,1,FameAnderson
927,2,1,bisexuaIeIiza
928,2,1,gustavobonotto
929,2,1,ailuxpianetti
930,2,1,myohmai112
931,2,1,TashawnTheDon
932,2,1,vincentdefazio1
933,2,1,pamplemoussee76
934,2,1,LolaSmish
935,2,1,Cicl0p3
936,2,1,Cbee1035
937,2,1,almaTHEillest
938,2,1,WendyBrandes
939,2,1,magnifique_r
940,2,1,alma_henry
941,2,1,mslongjr
