,Cluster,Count,User
0,0,1,welcometoross
1,0,1,Seguirtuvuelo
2,0,1,fanstopia
3,0,1,FrancineidePinh
4,0,1,thehill
5,0,1,ohsomia
6,0,1,mstinaalaniz
7,0,1,gamrofthones
8,0,1,steffbushey
9,0,1,thisisrory
10,0,1,valmrodriguez
11,0,1,ICEPOPBUCKY
12,0,1,ken_sugar
13,0,1,RadioCMeoqui
14,0,1,SantiagoLeonel4
15,0,1,GoTsources
16,0,1,JEFFMILLER666
17,0,1,dawnyb
18,0,1,ByeAshy
19,0,2,alphabetmxlum
20,0,1,noizangel
21,0,1,Lucy_ofMidgard
22,0,1,DaniMena__
23,0,2,KINE_oficial
24,0,1,julirossipla
25,0,1,PabloF90
26,0,1,D_Lask1515
27,0,1,Andreajrez
28,0,1,sxpalacios
29,0,1,helloitsrhi
30,0,1,davibadkid
31,0,1,ShowTimeLegends
32,0,1,fuckmaines
33,0,1,CestLaBrianna
34,0,1,apple_science
35,0,1,margaeryisalive
36,0,1,ny_gal10
37,0,1,leahmockingjay
38,0,1,18basmah1
39,0,1,LianaMerele
40,0,1,carolinavaleg
41,0,1,telesjv
42,0,1,4InesMaria4
43,0,1,FlappingTrump
44,0,1,ImfromLima
45,0,1,xLaurenXMillsx
46,0,1,LeticiaDucatti
47,0,1,SoleaPfeiffer
48,0,1,kelsiwhitney
49,0,2,Kris_Gonsalves
50,0,1,PhantomSpaceCop
51,0,1,PattiaGarder
52,0,1,mckinneykelsey
53,0,2,belalshawwa
54,0,1,JosephWulfsohn
55,0,1,justsilvy01
56,0,1,byolyourstar
57,0,1,laanabananah
58,0,1,yamizitelli
59,0,1,Idle_Wanderlust
60,0,1,_KENNEDYKFB
61,0,1,cristalllllll_
62,0,1,SamiSmiler1123
63,0,1,NailahShy
64,0,1,AnnShepR
65,0,1,Stickman7
66,0,1,euvulcanica
67,0,1,29farah2
68,0,1,NongtonFilm
69,0,1,cesar_lailton
70,0,1,Erica__Chapman
71,0,1,26fatimah2
72,0,1,rachelalexb
73,0,1,winkiebean68
74,0,1,Javi_Pere
75,0,1,fIoridakiIes
76,0,1,juIianweigI
77,0,1,sad108
78,0,1,_styleslovee
79,0,1,ojuaara_
80,0,1,BubbleorMarina
81,0,1,JNeilClarke13
82,0,1,mercadoodles
83,0,1,ItsYourBoyTeo
84,0,1,mattjaygee
85,0,1,_korinrin
86,0,1,ImSoFionget
87,0,1,TrendTopicsLa
88,0,1,bensIie
89,0,1,RannyB1994
90,0,1,nukketdesigner
91,0,1,laprensaesrosa
92,0,1,jenyamato
93,0,1,Zachiness
94,0,1,delbert18
95,0,1,daeneres
96,0,1,silvi_paganelli
97,0,1,nalyneyinska
98,0,1,TheMorgHuff
99,0,1,ricardofercis
100,0,1,beto_espagetto
101,0,1,dianneclynne
102,0,1,mobywv
103,0,1,MajslavNoskov
104,0,1,JcarlosbN
105,0,1,seanmcevoy_
106,0,2,beabezerrab
107,0,1,alekseevfeogen3
108,0,1,niouii_20
109,0,1,HarfordT27
110,0,1,ImFarFrmPerfect
111,0,1,milascody
112,0,1,diwxon
113,0,1,VFalkembach
114,0,1,romancebooknerd
115,0,1,Ma_llii
116,0,1,YokairaGP
117,0,1,sancharivera
118,0,1,trueviralnews
119,0,1,marcosvpmcr
120,0,1,0sundos1
121,0,1,b2dachinesefood
122,0,2,InvestingLatest
123,0,1,gabsteramy
124,0,1,Roou__
125,0,1,PodcastDeScream
126,0,1,cunhavinil
127,0,1,Ianadeusrey
128,0,2,Imayed
129,0,1,AidaSifuentez
130,0,1,AmyKatPat
131,0,1,extremetechlove
132,0,1,efrensick
133,0,1,imnotbrennan
134,0,1,nathaliagarcia_
135,0,1,TheSorourObieda
136,0,1,ohanna_azeredo
137,0,1,feck12a
138,0,1,JkLordcas11
139,0,1,courtsorcerer
140,0,1,brunadiniz15
141,0,1,FuckLaury
142,0,1,cindysa03
143,0,1,kelitos_way
144,0,1,stephanie_e_b
145,0,1,brook996
146,0,1,estevaofragallo
147,0,1,valerialunacs
148,0,1,Missywhooo
149,0,1,ABabip
150,0,1,ShamhShamh20
151,0,1,chrispetlak
152,0,1,Quel_ah
153,0,1,xLeashy_loox
154,0,1,1Panemaniaco
155,0,1,SultanSarcasm
156,0,1,Daniel_Drnd
157,0,1,AnnieGraceFace
158,0,1,BerardiLou
159,0,1,SlaveToBlood
160,0,1,angeliner_
161,0,1,brutagliatte
162,0,1,BeeDirewolf
163,0,1,JanneMndz
164,0,1,ChicoGrafico
165,0,1,Hayaalajlan1
166,0,1,34w14_
167,0,1,juubarba
168,0,1,LukeOldYoung
169,0,1,mmjayala
170,0,1,elpepereyna
171,0,1,knowleslie
172,0,1,HeranJorge
173,0,1,JacobsenPipe
174,0,1,mau_dorneles
175,0,1,fggofstyle
176,0,1,stewartVEVO
177,0,1,YoSoyAzu
178,0,1,4raghda_
179,0,1,adria_af
180,0,1,lotsoftlouis
181,0,1,Hilts_McQueen
182,0,1,gabszzzzzz
183,0,1,gerrit_SF
184,0,1,asiko3marie
185,0,1,dinahasflowers
186,0,1,phensonxrrilla
187,0,1,dalyinthesky
188,0,1,prixoca
189,0,1,teenagedrain
190,0,1,maurososa_
191,0,1,OS_801
192,0,2,newslarts
193,0,1,daniellimaq
194,0,1,MonerhAlm3rgb
195,0,1,sofieoneil
196,0,1,darthalix
197,0,1,7ooda74
198,0,1,voicebydesign
199,0,1,luv2dance73
200,0,1,librarian_kate
201,0,1,scarlletwidow
202,0,1,iamDAngil
203,0,1,thatwitchlefay
204,0,1,redostoneage
205,0,1,iaam
206,0,1,annagbrllf
207,0,1,itsmostlysunny
208,0,1,Mr_VivaYolo
209,0,1,alejost
210,0,1,brujavolto
211,0,1,its_veronica
212,0,1,the_windblow
213,0,1,TheKyleSolomon
214,0,1,nachobarrene
215,0,1,rsa
216,0,1,AliR_Ahmadi
217,0,1,magistrabriscoe
218,0,1,GhostGirlWiig
219,0,1,realkaric
220,0,1,Greggui_
221,0,1,warrior_karol
222,0,1,OccupareMissio
223,0,1,DarleneAndASong
224,0,1,Dj_Tosan
225,0,1,Robie314
226,0,1,iMDRW
227,0,1,starry_dawn
228,0,1,_Vaun
229,0,1,nikkisand06
230,0,1,aldrinonly_
231,0,1,kidnoble
232,0,1,stylinsonhonor
233,0,1,tonidelatorre
234,0,1,Hg176
235,0,1,omglaylor
236,0,1,DREWZMAFIOSO
237,0,1,kasey_kaler
238,0,1,motherfdragons
239,0,1,IbaBalbo
240,0,1,shippatona
241,0,1,xiulregui
242,0,1,ivanospina12
243,0,1,sonivpen
244,0,1,3ebtehal1_
245,0,1,biahsheerio
246,0,1,__lojainfaisal
247,0,1,josuelo
248,0,1,HaiwelgerJVC
249,0,1,hey_isah
250,0,1,mvrcosvinicius
251,0,1,evellinsena
252,0,1,itscharlxtte
253,0,1,beckylynn99
254,0,1,aliciaafb
255,0,1,Paulene3
256,0,1,sttrangerpotter
257,0,1,breedingflowers
258,0,1,AlexSarenz
259,0,1,RosiBetancourt
260,0,1,a_hulyya
261,0,2,jackieliana
262,0,1,IAli_San
263,0,1,Jody_Houser
264,0,1,myanacoondadont
265,0,1,1manal21
266,0,1,HarryKIein
267,0,1,newsroomkimarie
268,0,1,MattLacharme
269,0,1,twittertv
270,0,1,23FloFam23
271,0,1,unvisited_
272,0,1,virJUDAS
273,0,1,whedonist4life
274,0,1,davidhone
275,0,1,merystinsonx
276,0,1,D_J_H89
277,0,1,natashasilfies
278,0,1,bmBzxb
279,0,1,Renataguerraa
280,0,1,teamgrigori_
281,0,1,silrras
282,0,1,sdrj77
283,0,1,ImillaCochina
284,0,1,YemiOriyomi
285,0,1,CarollDalcin
286,0,1,fala_marina
287,0,1,MattRichmond
288,0,1,tarrgaryenjon
289,0,1,SecondLifeBitch
290,0,1,TheScream666
291,0,1,pmaff
292,0,1,ChillFrom94Til
293,0,1,simona_ka
294,0,1,heybrittanyrose
295,0,1,prensacom
296,0,1,sugglarry
297,0,1,JustSayinTee
298,0,1,TheCut
299,0,1,DrPatataa
300,0,1,GabyR72
301,0,1,WonderWomanova
302,0,1,mylojose
303,0,1,CarlosQones
304,0,1,scottgalichus
305,0,2,luis_gaetano
306,0,1,FabriKaited
307,0,1,LavishLola
308,0,1,sarahjsquire
309,0,1,saintzes
310,0,1,Eka_kokomma
311,0,1,kimberlycrandal
312,0,1,MR_STiXX
313,0,1,nsthainara
314,0,1,KathiSeymour
315,0,1,CovertAnonymous
316,0,1,MSDTechNews
317,0,1,LimaBoli
318,0,1,tweetmyqueens
319,0,1,38lana1_
320,0,1,raider_truth
321,0,1,Brittany_Marie_
322,0,1,marilur1
323,0,1,ale_picasso12
324,0,1,ZIDANE_5_
325,0,1,leighwhore
326,0,1,acher0ntia
327,0,1,souzaamanda14
328,0,1,bomdiabia__
329,0,1,tiny_winey718
330,0,1,karaalex5ever
331,0,1,PriyankaNetwork
332,0,1,Irllen79
333,0,1,Tia_do_milk
334,0,1,Frrtgh1Frrtgh
335,0,1,AquariusReynard
336,0,1,rafaelriquelmeb
337,0,1,M7md_stark
338,0,1,caireray
339,0,1,SheilaLlanto
340,0,1,sofivic15
341,0,1,brumassss_
342,0,1,_PleaseDieAna
343,0,1,MasonTV
344,0,1,slexiez
345,0,1,ArielMVelazquez
346,0,1,Paramoraa
347,0,1,amitneru
348,0,1,FernandoAravena
349,0,1,SnowGodamnWhite
350,0,1,Yasmesquita29
351,0,1,MJScarlett
352,0,1,sscnoemi
353,0,1,politics_net
354,0,1,MidwinCharles
355,0,1,lasgomasdeRydel
356,0,1,FloorDeBoluda
357,0,1,marce_sarmiento
358,0,1,Sebatyn
359,0,1,camilastwitt
360,0,1,NeiaTainara
361,0,1,AndrewPond6
362,0,1,gurbuzbeerk
363,0,1,danielaokay
364,0,1,J_chellene
365,0,1,HuffingtonPost
366,0,1,romwnogerz
367,0,1,EdwardtheTrbl
368,0,1,WaaqaXarami
369,0,1,bibliolion
370,0,1,gorudencave
371,0,1,kevinbrandaom
372,0,1,KFisch4
373,0,1,MichaelYo
374,0,1,ladepueblosoy
375,0,1,SunshineDBaby
376,0,1,LittUmanzor
377,0,1,Mike_Kraycik
378,0,1,borbogirl
379,0,1,BrunaPellicioli
380,0,1,DivetePurple
381,0,1,Tacere94
382,0,1,dupXO
383,0,1,bravimvinicius
384,0,1,PetersonValenca
385,0,1,GastonFerrari16
386,0,1,RafaDatos
387,0,1,informacion_ve
388,0,1,MichaelSlezakTV
389,0,1,hopeinveins
390,0,1,marycornish4961
391,0,1,jamwill1994
392,0,1,khwezimagwaza
393,0,1,joshpincus
394,0,1,Lotp_Business
395,0,1,MarJoeRee
396,0,1,NikkiDraper
397,0,1,g0ydoi
398,0,1,nanda_ba
399,0,1,ranStaRk22
400,0,1,Movielizer
401,0,1,xguipinho
402,0,1,JennColella
403,0,1,Simpsonati
404,0,1,daniitwiteira
405,0,1,Graddakh
406,0,1,sgcready
407,0,1,otero91
408,0,1,casadehadeis
409,0,1,Tordellicia
410,0,1,BlerdyShani
411,0,2,Ashek0025
412,0,1,HooiWanV
413,0,1,TheSignumTimes
414,0,1,marcoshenryque_
415,0,1,Nay_Hawk
416,0,1,PatoFerreiro
417,0,1,18noviembrejb
418,0,1,iankar_
419,0,1,simPATI
420,0,1,lmjstew
421,0,1,ourrcamila
422,0,1,iPGandhi
423,0,1,andrea_tima1912
424,0,1,nuffsaidNY
425,0,1,krunox123
426,0,1,osmanm8
427,0,1,nickjborges
428,0,1,keesh808
429,0,1,latvguia
430,0,1,ChrisPesos
431,0,1,roselinsgro
432,0,1,selenadnce
433,0,1,yamila26
434,0,1,ohmarveldc
435,0,1,sungyeolau
436,0,1,leticia_fndes
437,0,1,danaerysnow
438,0,1,MarioJoGo
439,0,2,_DinahsRoar
440,0,1,OtroMikeSuelto
441,0,1,Kreila
442,0,1,RXCafeTX
443,0,1,Insomnia_
444,0,1,noDrumpf4prez
445,0,1,serenaaa
446,0,1,apbythebay
447,0,1,KenJac17
448,0,1,ciniesta
449,0,1,preownedmobile
450,0,1,showmustgoon14
451,0,1,JanetArtistry
452,0,1,RhobertMoreira
453,0,1,Daeshbagkill
454,0,1,ohcrankdat
455,0,1,MegitaSmith
456,0,1,mattos_silvano
457,0,1,KristinEliz23
458,0,1,DinoRay
459,0,1,GirlyVirgo78
460,0,1,arwenbarr
461,0,1,mikaguluzian
462,0,1,MustyBecks
463,0,1,mariselaSocialM
464,0,1,dharviplusv
465,0,1,sellingwhatever
466,0,1,mackenziexmorse
467,0,1,nigshtwing
468,0,1,BLWwriter
469,0,1,ameihia
470,0,1,erulissae
471,0,1,fa_kalnhar
472,0,1,musicista09
473,0,1,iAziu
474,0,1,myrianconor
475,0,1,J0SH_SQUASH
476,0,1,laylawrote
477,0,2,KurtLara25
478,0,1,marichianezi
479,0,1,Steph_hrp
480,0,1,manupelegrini
481,0,1,celsoguerrero
482,0,1,babymartii
483,0,1,ItsAboutRuPaul
484,0,1,JustinChristen
485,0,1,aikaaokamura
486,0,1,sheanncustodio
487,0,1,tipsytabi
488,0,1,deh_
489,0,1,Globechoes
490,0,1,JorgeIgnachio17
491,0,1,bmaddoxx
492,0,1,afiqadeeb
493,0,4,OptioneerJM
494,0,1,sheeriow
495,0,1,lexiegwrey
496,0,1,caitlinmccann77
497,0,1,celinejayn
498,0,1,cagethepeters
499,0,1,1abdullah_V
500,0,1,strangervanlis
501,0,1,Lacey_VC
502,0,1,CyberAnonymous
503,0,1,nattiescott
504,0,2,_ansclara
505,0,1,CarlosPhillippe
506,0,1,ramosailen_
507,0,1,TheDirtyMuzz
508,0,1,_m_i_a_t
509,0,1,u1u160
510,0,1,FORMATYON
511,0,1,vvanessaaa
512,0,1,PastorEaton
513,0,1,CaityCaitx3
514,0,1,599ff1
515,0,1,TinTwirl
516,0,1,annoisss
517,0,1,robcor80
518,0,1,0QQL0
519,0,1,purpIegirll
520,0,1,aguilararturo
521,0,1,thelookofdanger
522,0,1,yellowgir31
523,0,1,laurenfavgirl
524,0,1,Azure_Bartley
525,0,1,fuckstilinskis
526,0,1,AirsHey
527,0,1,carlastoessel8
528,0,1,maesanchezp_
529,0,1,Buzzard60
530,0,1,DiihCB
531,0,1,ElleLatham
532,0,1,QUEcified
533,0,1,Colorsaroundme
534,0,1,curvedbackbone
535,0,1,PameRicaldeF
536,0,1,49wedad2
537,0,1,solvicki
538,0,1,Jowiria_
539,0,1,GustavoAlcedo
540,0,1,graceygrijaldo
541,0,1,beenyoufav
542,0,1,FabianaEnrrique
543,0,1,roman_mohiuddin
544,0,1,KikeRowling
545,0,1,wandacanary
546,0,1,darlingjoker
547,0,1,ppeterpan_
548,1,1,lobatoluan
549,1,1,GamesNetwrk
550,1,1,RWatkinsphoto
551,1,1,TheBiCast
552,1,1,hyo_joestar
553,1,1,genovanesi
554,1,1,OrphanBlackMY
555,1,1,signess226
556,1,1,southerncynic
557,1,1,Thayanenoronha
558,1,1,rychaos
559,1,1,Burnseasy
560,1,1,kmazfm
561,1,1,JdotMurray
562,1,1,Nerduoso
563,1,1,unicornialauren
564,1,1,takesontech
565,1,1,OrphanBlack
566,1,1,MaruRocks3
567,1,1,SMichelle1978
568,1,1,samshaib
569,1,1,jesskahnweiler
570,1,2,ruthmkb
571,1,1,ChilenasSinRopa
572,1,1,drudgeheadlines
573,1,1,himyym
574,1,1,storybookgirl12
575,1,1,drusill4
576,1,1,Hajar21_
577,1,1,sopheeeeeeeh
578,1,1,JosephKLenton
579,1,1,LizzieMarieGP
580,1,1,arruda_bernardo
581,1,1,olivecamilaa
582,1,1,a_mu77
583,1,3,TheScream666
584,1,1,tvrecapsreviews
585,1,1,Ceee_Teee
586,1,1,Malmstrom16
587,1,1,jomoisreligion
588,1,1,Junkents
589,1,2,OutfitsFash
590,1,1,sabrina_amadori
591,1,1,Steven10M
592,1,2,SuperstarLloyd
593,1,1,ChasingEGOT
594,1,1,cfserrano93
595,1,1,sheentaaa
596,1,1,Tweet_ahmadisam
597,1,1,tmb510
598,1,1,maisumep
599,1,1,emilypask
600,1,1,edewitt606
601,1,1,tomcoates
602,1,1,KlarisaBenedict
603,1,1,niazlatkin
604,1,1,gisellealmeida
605,1,1,An_dre_C
606,1,1,ERNESTONODAL
607,1,1,patdannielle
608,1,1,SportScribeCA
609,1,1,sensutes
610,1,1,PDanceMusic
611,1,1,somenath_udemy
612,1,1,DawnStew
613,1,1,beastinair
614,1,1,ClimatClint
615,1,1,MeliGant
616,1,1,heey_gi
617,1,1,CalienteSUJag
618,1,1,kids_lib
619,1,1,anoushasakoui
620,1,1,_cactuus
621,1,1,erinemaxwell
622,1,1,MrClintDavis
623,1,1,_Meouxsky
624,1,1,bradleybowen
625,1,1,mdawriter
626,1,1,jaarlos
627,1,1,mohammeddki8852
628,1,1,PinUpSofi
629,1,1,ximsa
630,1,1,audreysquinn
631,1,1,LizHernandez
632,1,1,TheFashionCourt
633,1,1,clarkesight
634,1,1,GOTnPLL_Fan
635,1,1,ralyto
636,1,1,JP_Francisco84
637,1,1,cassafras007
638,1,1,AlcantarSandra4
639,1,1,BradLindenSoCal
640,1,1,realdealneal
641,1,1,LetsRabbit
642,1,1,margums
643,1,1,juliakisner1211
644,1,1,955_joker
645,1,1,starksliam
646,1,1,chroniclea3
647,1,1,shaunaford
648,1,1,MannyG1138
649,1,1,lo_bagatelli
650,1,1,MoonChildTV
651,1,1,DannyManus
652,1,1,Victor_AlfG
653,1,1,Ashling574
654,1,1,SoulSoi
655,1,1,KlaroCious
656,1,1,buddystone
657,1,1,davidcabrera_mp
658,1,1,sultann0546
659,1,1,nishantbhagat
660,1,1,klauskru
661,1,1,SOYPABLOREY
662,1,1,shoychong
663,1,1,_classicj
664,1,1,ItsBlackmayne
665,1,1,gesmihaed
666,1,1,michellle_ech
667,1,1,Ale_Sorrentino
668,1,1,chazzldazzl
669,1,1,edhdxx
670,1,1,garychun
671,1,1,SpeakNowDJ
672,1,1,smoakmills
673,1,1,arth_bar
674,1,1,LazaroElLechon
675,1,1,silvansysoev91
676,1,1,CocoLaVieEnRose
677,1,1,HeyGirlSamantha
678,1,1,RoseParamore2
679,1,1,TeriHart
680,1,1,xhoney_babyy
681,1,1,therealPMX
682,1,1,pinkmara
683,1,1,EsmilMendoza
684,1,1,starxgaryen
685,1,1,Schaeff23
686,1,1,allylinds
687,1,2,lexiingram
688,1,1,TalkTVwTiffany
689,1,1,surfyonce
690,1,1,TheodoraG13
691,1,1,marcelapinedaa3
692,1,1,CGilliana
693,1,1,Canal_CineMais
694,1,1,Lauraasecasxd
695,1,1,notperrysboat
696,1,1,abroshar
697,1,1,lauriecrosswell
698,1,1,silva_IGU
699,1,1,JustBeingCheeky
700,1,1,LJMoveOn
701,1,1,TheSignumTimes
702,1,1,poisonivy2425
703,1,1,Politwital
704,1,1,cocoapatootie
705,1,1,GossipCop
706,1,1,_morenaluna
707,1,1,erinebagwell
708,1,1,Hellloooooow
709,1,1,mefisher10
710,1,1,TKirbsauce
711,1,1,aleatoire_16
712,1,1,Adhithyatr
713,1,1,IgoorTx
714,1,1,camillegracef
715,1,1,nujumkey
716,1,1,A_Shishinyy
717,1,1,ofVerona
718,1,1,latestcanada
719,1,1,claaudioe
720,1,1,KristiLStark
721,1,1,kryspia
722,1,1,koalanoob
723,1,1,mc_nair
724,1,2,BlackGirlNerds
725,1,1,be_rag24
726,1,1,paoo_MaiDana
727,1,1,fangirl_es
728,1,1,brandonlkhall
729,1,1,r4k35h_
730,1,1,cldstyle
731,1,1,itjauregirl
732,1,1,NubiaKelly
733,1,1,ATvShowsAddict
734,1,1,MiddleEarthElf4
735,1,1,Ma_llii
736,1,1,pure_isa
737,1,1,Solemondino
738,1,1,laurenthenerd
739,1,1,AnneMShearer
740,1,1,LETH03
741,1,1,GastronautaDF
742,1,1,JessWeiner
743,1,1,CarolMarks_
744,1,1,zaccolong
745,1,1,vineribbeiro
746,1,1,itsshaychelle
747,1,1,k3mr1s
748,1,1,mlgsmokers
749,1,1,FromPlusUltra
750,1,1,megig94
751,1,1,ThatswhatIdo4U
752,1,1,Candii_Pants
753,1,1,athelira
754,1,1,KenechukwuKene
755,1,1,tanejamainhoon
756,1,1,NaiaBaby22
757,1,1,PopCrush
758,1,1,TheTeriyakiGirl
759,1,1,RobinaGabriel
760,1,1,BOZ82
761,1,1,dricanal2
762,1,1,cristimoreano
763,1,1,Aleera_Ceres
764,1,2,StettingTrevor
765,1,1,mediosperuanos
766,1,2,Scifislasher
767,1,1,EBriggsAssoc
768,1,1,FaacuBouciguez
769,1,1,civilwards
770,1,1,FightJamesFight
771,1,1,tediously_brief
772,1,2,jamulmer
773,1,1,PhillyLegend96
774,1,1,itsalexarenee
775,1,1,NotiNoticiasCoa
776,1,1,nwjerseyliz
777,1,1,MitchFlagg
778,1,1,RenatoRibas
779,1,1,No2Souls
780,1,1,pequenocaramelo
781,1,1,ABTargov
782,1,1,_christianems
783,1,1,MarvenEuler
784,1,1,quasibonsi
785,1,1,Ieekwangsoo
786,1,1,Lucash97
787,1,1,2Echo68Whiskey
788,1,1,whoyuri
789,1,1,diegogamerps491
790,1,1,skywalkkr
791,1,1,_tuiteu
792,1,1,GNinkabunny
793,1,1,Beliforeverpop
794,1,1,WindiWorldDaily
795,1,1,ItsBieberEra
796,1,1,Jonnynono
797,1,1,LindseyM_Howard
798,1,1,HNamir
799,1,1,acting_updotcom
800,1,1,jubsdobatman
801,1,1,KatPfost
802,1,1,raya_goddess
803,1,1,johnlejeuer
804,1,1,goGRAUglow
805,1,1,Ashley_Cauthen
806,1,1,Jordnelle
807,1,1,nishaanned
808,1,1,SKEENCHOOO
809,1,1,BeckyZBlake1
810,1,1,andygcontreras
811,1,1,lansedrik
812,1,1,itscaroleenn_
813,1,1,gabriel_alex_rg
814,1,1,tala1212
815,1,1,BellaMcgovern
816,1,1,Hannah_Blogs
817,1,1,karenpossani
818,1,1,hippycinephile
819,1,1,ken5smith
820,1,1,AmritChhetriB
821,1,1,StephanieCalli_
822,1,1,L_Rulz
823,1,1,valeriegayle04
824,1,1,SaucySisTah
825,1,1,teresajoyp
826,1,1,CameowSuhas
827,1,1,Karrrrli
828,1,1,cam_0510
829,1,1,CaroRuedaG
830,1,1,beth_crist
831,1,1,CandyceLA
832,1,1,juubarba
833,1,1,SeriesBrazil
834,1,1,SrtaFarrellDM
835,1,1,HelenaBriceno
836,1,1,AmyTVGal
837,1,1,GustavoAlef_
838,1,1,_JesusPerez05
839,1,1,showmustgoon14
840,1,1,TheSajidUllah
841,1,1,rafaapedroza
842,1,1,panicatthejess
843,1,1,THEGS98REVIEW
844,1,1,TroianCommander
845,1,1,REN9878
846,1,1,efitzsimons
847,1,1,badhairdaysblog
848,1,1,STERLINGMHOLMES
849,1,1,inspiringliam
850,1,1,gameofcap
851,1,1,jamilebueno8
852,1,1,kebramm
853,1,1,withmygrande
854,1,1,uptownandout
855,1,1,__AnnaKaay
856,1,1,TheMathh
857,1,1,edjohnson7
858,1,1,sattersaurus
859,1,1,Michelleoortega
860,1,1,CopyDan
861,1,1,coreystoot
862,1,1,NikkiDraper
863,1,1,krislitchzk
864,1,1,marysu_s
865,1,1,Hemlock151
866,1,1,Mamabear0772
867,1,1,redtubullock
868,1,1,f98avalos
869,1,1,dmirodrigues
870,1,1,stydiaotpfirme
871,1,1,redostoneage
872,1,1,TrendTopicsMex
873,1,1,oceaneyed
874,1,1,BBibler1970
875,1,1,sirisha_pv
876,1,1,Miike_MT
877,1,1,itsmostlysunny
878,1,1,Bin_Khaled_20
879,1,1,LiberalTrash08
880,1,1,Deaconism
881,1,1,gi_melendez
882,1,1,phoebejanep
883,1,1,scottbdenison1
884,1,1,mprinvale
885,1,1,HARRlNGTONBYERS
886,1,1,DishNation
887,1,1,Wtfswanqueen
888,1,1,gabymeow
889,1,1,hannahbernabe
890,1,1,Vallmeister
891,1,1,MarioLopezExtra
892,1,1,myfeverdream
893,1,1,magicmegster
894,1,1,Snoodit
895,1,1,OptioneerJM
896,1,1,ToddPiken
897,1,1,raegay218
898,1,1,danijf
899,1,1,Snow_Fabio
900,1,1,alerqwuina
901,1,1,KRyanParker
902,1,1,inusanewscom
903,1,1,rockhausen
904,1,1,Defendress81M
905,1,1,WeaponXKP21
906,1,1,gene_ATL
907,1,1,dredis92
908,1,1,britellis_
909,1,1,doniaequis
910,1,1,oohmaira
911,1,1,MandaAiley
912,1,1,universtilinski
913,1,1,NickRomberger
914,1,1,McHalesBitch
915,1,1,mizhollywd
916,1,1,DanBenZvi
917,1,1,_reydotcom
918,1,1,tammydra
919,1,1,billionairesD
920,1,1,bubu_garrido
921,1,1,Anx_ty
922,1,1,LifeStories91
923,1,1,hemsworth_p
924,1,1,caramind93
925,1,1,shiih_ii
926,1,1,colormejorge
927,1,1,MrSAMCRO16
928,1,1,chrissgardner
929,1,1,beapasquarelli
930,1,1,BillBriouxTV
931,1,1,MiritzaB
932,1,1,AmsVasconcelos
933,1,1,SritaPennyLane
934,1,1,itssimonsfault
935,1,1,TwizzlerP
936,1,1,Illusively
937,1,1,predatorfan
938,1,1,geekmentality
939,1,1,heysimoneog
940,1,1,GCheeseburger
941,1,1,mssleanatic_
942,1,1,xjennymelissa
943,1,1,TTCJules
944,1,1,Marlon_Quintero
945,1,1,NikoTheFarmer
946,1,1,kroop141
947,1,1,Thashhh
948,1,1,lorenecristinaa
949,1,1,psalmzalsos
950,1,1,dennispastorizo
951,1,1,vodk4now
952,1,1,sariikrmzii
953,1,1,MrBatesLegal
954,1,1,chavelli_brahim
955,1,1,susanferrante1
956,1,1,loviiiing
957,1,1,Mrs_Amelia
958,1,1,blakelivelegend
959,1,1,vasande
960,1,1,SportsPlusShow
961,1,1,Arab_News
962,1,1,Unknown_L1x
963,1,2,shitvit
964,1,1,ISulz_
965,1,1,Sususurro2
966,1,1,socalsuzz
967,1,1,hogwasmeade
968,1,1,blurryfeiz
969,1,1,GambaRio4
970,1,1,kayleesi16
971,1,1,OfficialSrslyTV
